MusicIndex:|2
Skybox:|20|21|23|22|24|25
PhysXModel:|23
Minimap:|126
RC:|24|115
RC:|25|7
%
WAYPOINT -1.13671 0.893305 2.5674 0.00967334 -6.91897e-005 -0.999949 3.65484e-006 1 -6.91576e-005 0.999949 -2.98596e-006 0.00967334 0 1
WAYPOINT -5.68387 0.893305 -67.1679 0.0143506 7.22603e-005 -0.999893 -0.000151797 1 7.00897e-005 0.999893 0.000150776 0.0143506 1 2
WAYPOINT 35.8005 0.893305 -107.724 0.995987 -0.000120874 -0.0894939 0.000120446 1 -1.01768e-005 0.0894939 -6.43275e-007 0.995987 2 3
WAYPOINT 189.98 0.893305 -121.672 0.999459 2.44903e-007 -0.0328801 -5.98759e-007 1 -1.07521e-005 0.0328801 1.0766e-005 0.999459 3 4
WAYPOINT 229.982 4.25831 -82.8265 0.00964632 0.411041 0.911564 4.94935e-008 0.911608 -0.41106 -0.999952 0.00396456 0.00879381 4 5
WAYPOINT 245.729 76.7852 76.7619 0.0173658 0.414036 0.910093 -0.000270108 0.910234 -0.414094 -0.999848 0.00694459 0.0159189 5 6
WAYPOINT 206.077 90.8933 124.536 -0.999732 7.52781e-006 0.0230049 7.5208e-006 1 -3.91447e-007 -0.0230049 -2.18328e-007 -0.999732 6 7
WAYPOINT 28.5568 90.8933 126.375 -0.999977 -4.54247e-006 -0.00647032 -4.66955e-006 1 1.96264e-005 0.00647032 1.96562e-005 -0.999977 7 8
WAYPOINT -185.49 90.8933 115.232 -0.999983 5.422e-005 0.00496499 5.34249e-005 1 -0.000160259 -0.004965 -0.000159992 -0.999983 8 9
WAYPOINT -240.888 90.8933 150.873 -0.0149707 -0.000254679 0.999885 -4.54544e-006 1 0.00025464 -0.999885 -7.32004e-007 -0.0149707 9 10
WAYPOINT -243.397 90.8933 314.166 -0.0155982 -1.82148e-006 0.999875 -1.63266e-006 1 1.79622e-006 -0.999875 -1.60444e-006 -0.0155982 10 11
WAYPOINT -211.608 92.9941 367.788 0.910363 0.413725 -0.00838464 -0.41374 0.910395 1.37404e-005 0.00763902 0.00345656 0.999965 11 12
WAYPOINT -33.9027 173.755 365.294 0.910363 0.413705 -0.00927875 -0.413723 0.910403 2.97365e-005 0.0084597 0.00381176 0.999957 12 13
WAYPOINT 1.01389 180.893 325.894 0.00875173 0.000116248 -0.99996 0.000139575 1 0.000117474 0.99996 -0.000140598 0.00875173 13 14
WAYPOINT -1.25509 180.893 151.971 -0.0121594 -0.000347765 -0.999928 6.2216e-006 1 -0.000347866 0.999928 -1.04501e-005 -0.0121593 14 15
WAYPOINT -11.6114 180.893 -44.0616 0.0845074 0.00069024 -0.996424 0.000475554 1 0.000733051 0.996425 -0.000535802 0.084507 15 16
WAYPOINT 46.3437 180.893 -113.747 0.999908 0.00321906 -0.01318 -0.00310086 0.999955 0.00897879 0.0132083 -0.00893709 0.999873 16 17
WAYPOINT 181.93 180.893 -117.143 0.998952 9.27347e-005 0.0457793 -8.43882e-005 1 -0.000184253 -0.0457793 0.000180197 0.998952 17 18
WAYPOINT 232.583 180.893 -73.0109 0.0619773 0.00131532 0.998079 -0.00319405 0.999994 -0.0011195 -0.998074 -0.00311852 0.0619811 18 19
WAYPOINT 236.814 180.893 116.099 0.0225102 -5.04104e-007 0.999748 -8.47738e-006 1 6.95122e-007 -0.999748 -8.49088e-006 0.0225102 19 20
WAYPOINT 241.217 102.452 316.797 0.0226286 -0.40049 0.916023 -0.000220496 0.916254 0.400597 -0.999746 -0.0092676 0.0206451 20 21
WAYPOINT 204.67 85.833 356.678 -0.910657 -0.411119 0.0410968 -0.41148 0.911419 -0.000349201 -0.0373128 -0.0172285 -0.999157 21 22
WAYPOINT 41.6893 11.7641 358.856 -0.90952 -0.413326 -0.0440293 -0.413728 0.910401 7.94181e-006 0.040081 0.0182233 -0.999032 22 23
WAYPOINT 9.84211 0.893306 335.036 -0.0944045 -8.35872e-005 -0.995535 -6.41105e-005 1 -7.78828e-005 0.995535 5.64718e-005 -0.0944045 23 24
WAYPOINT 2.7759 0.893306 136.442 -0.0453439 -2.70737e-006 -0.998971 1.08683e-005 1 -3.20348e-006 0.998971 -1.10023e-005 -0.0453439 24 25
