MusicIndex:|2
Skybox:|20|21|22|23|24|25
PhysXModel:|18
RC:|18|78
RC:|19|58
%
WAYPOINT -2.54282 0.893302 -51.7705 0.00782113 -8.6816e-007 -0.999958 5.82195e-007 1 -8.63639e-007 0.999958 -5.75432e-007 0.00782113 3 4
WAYPOINT 5.89403 0.893292 -230.727 0.0627531 -0.00466471 -0.998008 5.10394e-005 0.999989 -0.00467071 0.998019 0.000242114 0.0627526 4 5
WAYPOINT -24.8378 0.89329 -290.572 -0.7223 -0.00330211 -0.691544 -0.00309811 0.999994 -0.00153895 0.691545 0.00103088 -0.722306 5 6
WAYPOINT -105.711 0.893294 -315.748 -0.992614 -0.00424487 -0.121057 -0.00422863 0.999991 -0.000391067 0.121057 0.000123721 -0.992623 6 7
WAYPOINT -545.102 0.893297 -329.226 -0.999228 -0.00339069 -0.0385529 -0.00339553 0.999994 5.98967e-005 0.0385524 0.000190761 -0.999234 7 8
WAYPOINT -708.507 0.893298 -329.899 -0.999763 -0.00324821 0.0204169 -0.0032458 0.999995 0.000151364 -0.0204173 8.5062e-005 -0.999768 8 9
WAYPOINT -883.502 0.893297 -325.152 -0.997633 -0.00307905 0.0683375 -0.00293977 0.999993 0.00213845 -0.0683436 0.00193255 -0.997636 9 10
WAYPOINT -991.489 22.3235 -305.194 -0.896443 0.244453 0.369575 0.222345 0.969616 -0.10201 -0.383283 -0.00927393 -0.923558 10 11
WAYPOINT -1068.93 44.8903 -247.256 -0.662325 0.196952 0.722837 0.239924 0.969776 -0.0443888 -0.709732 0.144027 -0.68956 11 12
WAYPOINT -1109.77 62.2153 -83.1182 -0.0312802 0.049069 0.998292 0.241032 0.969688 -0.0401069 -0.969999 0.239368 -0.042159 12 13
WAYPOINT -1058.33 68.8203 14.6149 0.705921 0.0277889 0.707739 0.191053 0.954721 -0.228045 -0.682031 0.296199 0.668649 13 14
WAYPOINT -908.766 82.0422 69.2818 0.983242 0.143772 0.112094 -0.136207 0.988025 -0.0724872 -0.121173 0.0560042 0.99105 14 15
WAYPOINT -673.69 114.649 67.6014 0.991225 0.126413 -0.0386378 -0.128052 0.990818 -0.0433763 0.0327997 0.0479433 0.998311 15 16
WAYPOINT -519.867 128.331 59.8398 0.994751 0.0829511 -0.0599173 -0.0862559 0.994762 -0.0548498 0.0550536 0.0597302 0.996695 16 17
WAYPOINT -398.516 134.148 51.5977 0.997106 0.0466087 -0.0600527 -0.0503647 0.996765 -0.0626295 0.0569393 0.0654729 0.996228 17 18
WAYPOINT -246.007 140.159 40.9962 0.99755 0.0342348 -0.0610022 -0.0382069 0.997142 -0.0651837 0.0585962 0.0673548 0.996007 18 19
WAYPOINT -106.51 145.361 31.808 0.998391 0.0356442 -0.0441027 -0.0386635 0.996824 -0.0696163 0.0414812 0.0712094 0.996598 19 20
WAYPOINT -0.0748265 149.453 26.1044 0.998813 0.0371397 -0.0315071 -0.0394356 0.996352 -0.0756818 0.0285813 0.0768345 0.996634 20 21
WAYPOINT 70.1578 156.43 60.4973 0.788981 0.0685883 0.610573 -0.129718 0.989945 0.0564156 -0.600564 -0.123714 0.789945 21 22
WAYPOINT 75.6578 159.623 113.44 -0.789295 -0.0190854 0.613683 -0.164846 0.969406 -0.181874 -0.591436 -0.24472 -0.768292 22 23
WAYPOINT -10.0525 159.272 183.639 -0.768717 -0.00329717 0.639547 0.0379255 0.997992 0.0507311 -0.63843 0.0632544 -0.767048 23 24
WAYPOINT -149.879 154.667 242.698 -0.989865 -0.0175279 0.140756 -0.00747552 0.997403 0.0716298 -0.141646 0.0698533 -0.987425 24 25
WAYPOINT -352.175 159.198 328.689 -0.912258 0.030319 0.408435 0.0454405 0.998592 0.0273681 -0.40703 0.0435272 -0.912352 25 26
WAYPOINT -423.877 158.801 384.755 0.0685095 -0.213918 0.974434 0.355987 0.917683 0.176433 -0.931964 0.334805 0.139024 26 27
WAYPOINT -438.104 143.171 517.377 -0.0329193 -0.101832 0.994244 0.116493 0.987624 0.105011 -0.992633 0.119282 -0.0206489 27 28
WAYPOINT -417.924 136.863 619.44 0.720118 -0.0863809 0.688449 0.105992 0.99427 0.0138855 -0.685703 0.0629718 0.725147 28 29
WAYPOINT -341.104 132.808 701.446 0.63517 -0.0362818 0.771514 0.043225 0.999 0.0113937 -0.771156 0.0261122 0.636103 29 30
WAYPOINT -285.397 129.864 751.555 0.805289 -0.0515141 0.590636 0.0458837 0.998645 0.0245407 -0.5911 0.00733866 0.806562 30 31
WAYPOINT -207.161 146.797 809.869 0.721265 0.41961 0.551087 -0.35377 0.907184 -0.227732 -0.595497 -0.0307064 0.802767 31 32
WAYPOINT -73.1351 179.511 860.816 0.973248 0.159882 -0.165001 -0.184685 0.971606 -0.147892 0.13667 0.174409 0.975142 32 33
WAYPOINT -0.454426 178.115 812.385 0.692457 -0.0416563 -0.720249 -0.180288 0.956667 -0.228657 0.698563 0.288188 0.654941 33 34
WAYPOINT 79.6591 157.471 744.97 0.697527 -0.191754 -0.690419 -0.102118 0.927093 -0.360651 0.709239 0.322067 0.627091 34 35
WAYPOINT 134.924 126.312 654.159 0.118691 -0.369508 -0.921603 -0.11326 0.91708 -0.382274 0.986438 0.14975 0.0669991 35 36
WAYPOINT 96.606 97.2164 558.319 -0.863197 -0.254693 -0.435859 -0.321152 0.943215 0.0848776 0.38949 0.213247 -0.895975 36 37
WAYPOINT 42.4758 78.6596 458.333 -0.283929 -0.138112 -0.948828 -0.0743995 0.989762 -0.121804 0.955936 0.0360076 -0.291298 37 38
WAYPOINT 6.91722 41.7673 291.092 -0.18947 -0.224717 -0.955809 -3.68221e-005 0.97346 -0.228857 0.98187 -0.0433298 -0.184449 38 39
WAYPOINT -2.62708 14.306 168.333 0.0166727 -0.219678 -0.975416 0.000696975 0.975568 -0.219697 0.999847 0.00298012 0.0164188 39 40
WAYPOINT -1.18101 1.00127 59.9471 0.0174672 0.00631418 -0.999814 0.000509597 0.99998 0.00632404 0.999834 -0.000619888 0.0174636 40 41
PICKUP_SPAWN -284.669 130.497 722.415 0 0
PICKUP_SPAWN -290.581 130.534 731.253 1 0
PICKUP_SPAWN -299.902 130.960 745.114 2 0
PICKUP_SPAWN -305.709 131.160 751.974 0 0
PICKUP_SPAWN -250.844 139.589 35.3690 0 0
PICKUP_SPAWN -247.570 140.556 47.4750 0 0
PICKUP_SPAWN -244.504 141.465 58.9540 0 0
PICKUP_SPAWN -204.884 0.8929 -293.928 0 0
PICKUP_SPAWN -206.275 0.8460 -322.572 0 0
PICKUP_SPAWN -207.401 9.0980 -353.830 0 0
PICKUP_SPAWN -208.942 15.146 -376.777 0 0