MusicIndex:|2
Skybox:|20|21|23|22|24|25
PhysXModel:|16
RC:|16|7
%
WAYPOINT -8.9576 0.291134 -3.07574 0.000335337 0.00416979 -0.999991 0.0274956 0.999613 0.00417743 0.999622 -0.0274968 0.000220533 0 1
WAYPOINT -8.95368 0.285695 -3.36573 0.000394769 0.00403546 -0.999992 0.0279948 0.9996 0.00404493 0.999608 -0.0279962 0.000281663 1 2
WAYPOINT -8.94879 0.290478 -3.76004 0.000447733 0.00571136 -0.999983 0.0280507 0.99959 0.00572166 0.999606 -0.0280528 0.000287326 2 3
WAYPOINT 4.10214 2.86766 -60.3929 0.193567 0.192982 -0.96192 0.046329 0.977571 0.205445 0.979993 -0.0843322 0.180285 3 4
WAYPOINT 4.59707 3.5453 -62.717 0.194237 0.192836 -0.961814 0.0461376 0.977607 0.205319 0.979869 -0.0842564 0.18099 4 5
WAYPOINT 5.09094 3.97662 -65.0352 0.19432 0.192817 -0.961801 0.0461137 0.977611 0.205304 0.979854 -0.0842469 0.181078 5 6
WAYPOINT 5.58359 4.16227 -67.3475 0.194331 0.192815 -0.961799 0.0461107 0.977612 0.205302 0.979852 -0.0842457 0.181089 6 7
WAYPOINT 14.1667 24.4345 -138.35 0.0957994 0.294309 -0.950897 0.00832324 0.95502 0.296424 0.995366 -0.0363118 0.0890407 7 8
WAYPOINT 14.3316 24.9179 -139.992 0.0969437 0.264007 -0.959637 0.0175316 0.963575 0.266862 0.995136 -0.0426946 0.0887841 8 9
WAYPOINT 14.4881 25.4742 -141.678 0.0961082 0.231805 -0.968003 0.0116665 0.972176 0.233962 0.995303 -0.033779 0.0907297 9 10
WAYPOINT 14.6533 26.0397 -143.374 0.095142 0.209609 -0.973146 0.0118401 0.977273 0.211655 0.995393 -0.0316595 0.0904979 10 11
WAYPOINT 21.6787 44.3308 -214.959 0.0900094 0.186269 -0.978368 0.0080402 0.982187 0.187736 0.995909 -0.0247644 0.0869084 11 12
WAYPOINT 21.8536 44.3673 -216.855 0.0900092 0.186226 -0.978376 0.00805339 0.982195 0.187694 0.995909 -0.0247735 0.0869068 12 13
WAYPOINT 22.0282 44.2949 -218.747 0.0900091 0.186215 -0.978378 0.0080567 0.982197 0.187683 0.995909 -0.0247757 0.0869063 13 14
WAYPOINT -18.1966 44.7266 -272.669 -0.780541 0.00811175 -0.625054 -0.0161854 0.999318 0.0331805 0.624897 0.0360154 -0.779878 14 15
WAYPOINT -20.8638 44.8049 -274.771 -0.781787 -0.0122266 -0.623427 -0.0293352 0.999422 0.0171862 0.622857 0.0317243 -0.781694 15 16
WAYPOINT -23.5583 44.9265 -276.9 -0.781759 -0.0146931 -0.62341 -0.0220155 0.999749 0.00404452 0.623194 0.0168865 -0.781886 16 17
WAYPOINT -98.4532 44.9842 -301.781 -0.947829 -0.0030484 -0.318771 -0.00248855 0.999995 -0.00216354 0.318775 -0.00125738 -0.947831 17 18
WAYPOINT -101.809 44.9842 -302.899 -0.947864 -0.00335003 -0.318662 -0.00296187 0.999994 -0.00170262 0.318666 -0.000670017 -0.947869 18 19
WAYPOINT -105.183 44.9844 -304.024 -0.947883 -0.00358186 -0.318604 -0.00327991 0.999994 -0.0014842 0.318607 -0.000361855 -0.947888 19 20
WAYPOINT -108.577 44.9844 -305.155 -0.947893 -0.00375799 -0.318573 -0.00349845 0.999993 -0.00138686 0.318576 -0.000200082 -0.947899 20 21
WAYPOINT -167.554 44.9844 -331.595 -0.835629 -0.000329811 -0.549297 0.00108108 0.999997 -0.00224504 0.549296 -0.00246986 -0.835626 21 22
WAYPOINT -170.456 44.9843 -333.739 -0.792767 0.000756964 -0.609526 0.00927112 0.999898 -0.0108165 0.609456 -0.0142259 -0.792693 22 23
WAYPOINT -173.131 44.9842 -336.079 -0.730939 0.00209801 -0.682441 0.0170744 0.999738 -0.0152143 0.682231 -0.022773 -0.730783 23 24
WAYPOINT -182.663 42.7429 -369.222 0.186118 -0.0568817 -0.98088 0.158033 0.987058 -0.0272538 0.969735 -0.149939 0.192698 24 25
WAYPOINT -181.826 42.8605 -371.886 0.330122 -0.0596844 -0.94205 0.198911 0.979988 0.00761633 0.922743 -0.189898 0.335387 25 26
WAYPOINT -180.917 42.9149 -374.508 0.367198 -0.057081 -0.92839 0.19111 0.98145 0.0152448 0.910298 -0.183022 0.371295 26 27
WAYPOINT -166.695 41.0857 -392.154 0.790927 -0.0751052 -0.607284 0.133093 0.989794 0.050929 0.597261 -0.121106 0.792851 27 28
WAYPOINT -164.7 40.2429 -393.593 0.791013 -0.0751865 -0.607162 0.133224 0.989773 0.0509989 0.597118 -0.12123 0.79294 28 29
WAYPOINT -162.71 39.1577 -395.029 0.791023 -0.0751966 -0.607147 0.133241 0.98977 0.0510076 0.597101 -0.121245 0.792951 29 30
WAYPOINT -127.416 32.2724 -412.621 0.977266 -0.112918 -0.179443 0.104884 0.993035 -0.0536803 0.184254 0.0336394 0.982303 30 31
WAYPOINT -124.859 31.6345 -413.078 0.972466 -0.146028 -0.181618 0.135104 0.98827 -0.0712009 0.189885 0.0447033 0.980788 31 32
WAYPOINT 1.01862 7.74361 -451.84 0.948741 -0.00670408 -0.315984 -0.0438274 0.987325 -0.152539 0.313001 0.158569 0.936422 32 33
WAYPOINT 4.94339 7.6461 -452.993 0.95017 -0.0125469 -0.311479 -0.0326126 0.989706 -0.139352 0.310021 0.142566 0.93998 33 34
WAYPOINT 8.85064 7.39967 -454.173 0.950874 -0.0178547 -0.309062 -0.030207 0.98822 -0.150026 0.3081 0.151992 0.939134 34 35
WAYPOINT 103.057 12.1882 -500.814 0.789886 0.0579001 -0.610515 -0.19421 0.96791 -0.159475 0.58169 0.244535 0.775783 35 36
WAYPOINT 106.584 11.8614 -503.391 0.79154 0.054028 -0.608725 -0.181186 0.972046 -0.149326 0.583641 0.22849 0.779202 36 37
WAYPOINT 110.065 11.9297 -506.056 0.789769 0.0698199 -0.609417 -0.187111 0.973572 -0.130945 0.584169 0.217445 0.781962 37 38
WAYPOINT 174.165 21.2847 -587.86 0.453051 0.0729123 -0.888498 -0.200956 0.979351 -0.0221012 0.86854 0.188562 0.458348 38 39
WAYPOINT 176.143 21.8695 -592.108 0.453598 0.0778526 -0.8878 -0.209978 0.977468 -0.0215674 0.866117 0.196202 0.459725 39 40
WAYPOINT 178.123 22.3911 -596.348 0.453625 0.0797244 -0.88762 -0.214598 0.976455 -0.0219685 0.86497 0.200447 0.460053 40 41
WAYPOINT 193.965 27.7265 -671.152 -0.148864 0.0616915 -0.986932 -0.153029 0.984591 0.0846274 0.976946 0.163628 -0.13713 41 42
WAYPOINT 193.19 28.4242 -675.736 -0.152231 0.0951592 -0.983754 -0.164443 0.979042 0.12015 0.974569 0.180061 -0.133392 42 43
WAYPOINT 192.386 29.2586 -680.376 -0.153178 0.100401 -0.983086 -0.16475 0.978308 0.125583 0.974369 0.1812 -0.133314 43 44
WAYPOINT 191.57 30.0992 -685.027 -0.154096 0.106142 -0.982339 -0.164098 0.977656 0.131377 0.974334 0.181444 -0.133236 44 45
WAYPOINT 165.525 38.2049 -751.027 -0.646745 0.0781422 -0.758693 -0.126766 0.969889 0.207956 0.752099 0.230671 -0.617365 45 46
WAYPOINT 162.655 38.3196 -754.581 -0.643238 0.0729131 -0.762187 -0.110408 0.976219 0.186565 0.757665 0.204157 -0.619891 46 47
WAYPOINT 159.797 38.3543 -758.142 -0.639034 0.0683622 -0.766135 -0.0792575 0.984888 0.15399 0.765084 0.159127 -0.623959 47 48
WAYPOINT 156.917 38.4004 -761.691 -0.634782 0.067984 -0.769695 -0.0552704 0.989575 0.132988 0.770713 0.126959 -0.624407 48 49
WAYPOINT 96.4041 45.6132 -811.509 -0.960713 0.0490379 -0.273178 0.0126746 0.990992 0.133318 0.277254 0.124618 -0.952681 49 50
WAYPOINT 92.0941 45.7751 -812.95 -0.959884 0.0466409 -0.276492 0.0147145 0.993089 0.116439 0.280011 0.1077 -0.953937 50 51
WAYPOINT 87.7875 45.8351 -814.38 -0.958896 0.0435974 -0.28039 0.0173828 0.995296 0.0953099 0.283227 0.0865182 -0.955143 51 52
WAYPOINT 37.097 48.8066 -816.324 -0.892734 0.0253599 0.449871 0.0744496 0.992994 0.0917627 -0.444392 0.115412 -0.888367 52 53
WAYPOINT 33.1468 48.867 -814.473 -0.894564 0.0228296 0.446358 0.0616852 0.995444 0.0727124 -0.442664 0.0925795 -0.891896 53 54
WAYPOINT -68.2276 56.4757 -791.049 -0.83661 0.0617435 0.54431 0.0897998 0.995644 0.0250827 -0.54039 0.0698633 -0.83851 54 55
WAYPOINT -71.8248 56.7725 -788.825 -0.837054 0.0614876 0.543655 0.0849669 0.996218 0.0181489 -0.540484 0.0613843 -0.839113 55 56
WAYPOINT -74.2206 56.9716 -787.328 -0.837359 0.0614826 0.543186 0.0826058 0.996476 0.0145526 -0.540377 0.057056 -0.839487 56 57
WAYPOINT -77.8129 57.2662 -785.068 -0.837669 0.061664 0.542687 0.080352 0.996708 0.0107748 -0.540236 0.0526317 -0.839867 57 58
WAYPOINT -112.963 62.0762 -710.056 -0.404326 0.0542047 0.913008 0.101007 0.994783 -0.0143285 -0.909021 0.0864272 -0.407691 58 59
WAYPOINT -114.522 62.2973 -706.403 -0.404262 0.05392 0.913053 0.101326 0.994756 -0.0138822 -0.909014 0.0869038 -0.407605 59 60
WAYPOINT -116.085 62.5188 -702.74 -0.40357 0.0536413 0.913375 0.101629 0.994731 -0.0135152 -0.909287 0.0873707 -0.406895 60 61
WAYPOINT -118.448 67.0489 -617.785 0.300755 0.0389276 0.952907 0.12197 0.989392 -0.078914 -0.94587 0.139959 0.292817 61 62
WAYPOINT -117.641 67.2434 -615.21 0.300628 0.0418932 0.952821 0.117589 0.989785 -0.0806192 -0.946465 0.136277 0.292631 62 63
WAYPOINT -116.426 67.5023 -611.352 0.300596 0.0458135 0.952651 0.113266 0.990062 -0.0833523 -0.947002 0.132959 0.29242 63 64
WAYPOINT -115.613 67.6588 -608.781 0.300637 0.0479625 0.952532 0.111402 0.990132 -0.0850164 -0.94721 0.131673 0.292328 64 65
WAYPOINT -75.6095 71.7866 -538.881 0.644868 0.0434601 0.763057 0.0857656 0.987961 -0.128751 -0.759466 0.148472 0.633377 65 66
WAYPOINT -73.7789 72.0891 -536.767 0.64511 0.0468724 0.76265 0.0831991 0.987873 -0.131091 -0.759546 0.14802 0.633388 66 67
WAYPOINT -71.9357 72.4118 -534.649 0.645384 0.0507865 0.762168 0.0804032 0.987728 -0.1339 -0.759615 0.147697 0.63338 67 68
WAYPOINT -70.0864 72.7326 -532.528 0.645678 0.0552592 0.761608 0.0773351 0.987518 -0.137214 -0.759684 0.147495 0.633345 68 69
WAYPOINT -68.2356 73.0368 -530.408 0.645934 0.059673 0.761057 0.0743811 0.987277 -0.14054 -0.759761 0.147388 0.633277 69 70
WAYPOINT -66.3851 73.3193 -528.289 0.646092 0.063045 0.760652 0.0721501 0.987076 -0.143095 -0.759842 0.147334 0.633193 70 71
WAYPOINT -3.47073 78.3144 -496.231 0.945558 0.0622224 0.319449 0.00207222 0.980383 -0.197093 -0.325446 0.187025 0.92688 71 72
WAYPOINT -0.796099 78.5242 -495.375 0.945516 0.063295 0.319365 0.000999915 0.980351 -0.197257 -0.325575 0.186828 0.926874 72 73
WAYPOINT 1.88348 78.7364 -494.518 0.945477 0.0642975 0.31928 2.60088e-005 0.980304 -0.197493 -0.32569 0.186734 0.926853 73 74
WAYPOINT 4.55717 78.9609 -493.666 0.945391 0.0733472 0.31758 -0.00892363 0.97981 -0.199729 -0.325817 0.185988 0.926958 74 75
WAYPOINT 7.22029 79.2576 -492.825 0.944186 0.0973049 0.314713 -0.032952 0.978484 -0.203673 -0.32776 0.181934 0.927078 75 76
WAYPOINT 96.3945 90.4051 -493.307 0.926617 0.107705 -0.360252 -0.182058 0.966815 -0.179229 0.328993 0.231663 0.915476 76 77
WAYPOINT 99.0389 90.7953 -494.35 0.928244 0.100814 -0.35805 -0.17256 0.969436 -0.174402 0.329525 0.223673 0.91727 77 78
WAYPOINT 101.69 91.2419 -495.419 0.929018 0.0975868 -0.356934 -0.16805 0.970654 -0.172015 0.329673 0.219788 0.918155 78 79
WAYPOINT 104.345 91.7055 -496.5 0.929188 0.0973725 -0.35655 -0.166859 0.971287 -0.169588 0.329799 0.217072 0.918756 79 80
WAYPOINT 173.835 102.463 -567.845 0.598193 0.102845 -0.794725 -0.25169 0.965657 -0.0644834 0.7608 0.238598 0.603534 80 81
WAYPOINT 175.493 102.547 -570.167 0.598222 0.102718 -0.79472 -0.251305 0.965767 -0.0643436 0.760905 0.238209 0.603556 81 82
WAYPOINT 177.161 102.543 -572.465 0.596628 0.108008 -0.795216 -0.23318 0.971482 -0.043 0.767894 0.211084 0.604799 82 83
WAYPOINT 178.777 102.781 -574.686 0.586908 0.177784 -0.789894 -0.255978 0.966297 0.0272904 0.768124 0.186179 0.612636 83 84
WAYPOINT 180.385 103.309 -576.96 0.57447 0.204764 -0.7925 -0.270865 0.961211 0.0520097 0.77241 0.184782 0.60765 84 85
WAYPOINT 185.497 118.771 -705.247 -0.279369 0.102399 -0.954708 -0.171594 0.972966 0.154569 0.944726 0.207004 -0.254246 85 86
WAYPOINT 184.789 119.083 -707.794 -0.27636 0.0966664 -0.95618 -0.156698 0.977082 0.144069 0.948193 0.189647 -0.254879 86 87
WAYPOINT 184.074 119.372 -710.34 -0.273158 0.0919899 -0.95756 -0.144996 0.980108 0.135518 0.950978 0.175861 -0.254386 87 88
WAYPOINT 183.352 119.604 -712.876 -0.272044 0.0908473 -0.957986 -0.142099 0.980827 0.133366 0.951735 0.172411 -0.253919 88 89
WAYPOINT 98.8935 130.553 -800.184 -0.97287 0.0431696 -0.227289 0.0114783 0.990233 0.138947 0.231067 0.132569 -0.963864 89 90
WAYPOINT 96.3117 130.711 -800.856 -0.972645 0.0445531 -0.227983 0.0150667 0.991468 0.129476 0.231807 0.1225 -0.965018 90 91
WAYPOINT 93.7287 130.854 -801.52 -0.972464 0.0458532 -0.228498 0.0178662 0.992236 0.123078 0.232367 0.115606 -0.965733 91 92
WAYPOINT 91.1425 130.988 -802.177 -0.972334 0.0469341 -0.228833 0.0199302 0.992704 0.11892 0.232745 0.11107 -0.966175 92 93
WAYPOINT -56.6178 141.809 -780 -0.883595 0.066591 0.463492 0.0862428 0.996046 0.0213078 -0.46024 0.0588003 -0.885845 93 94
WAYPOINT -58.895 141.983 -778.799 -0.874497 0.0659781 0.480522 0.0849511 0.996226 0.017815 -0.477533 0.0564 -0.876802 94 95
WAYPOINT -61.1749 142.159 -777.591 -0.872554 0.0657792 0.484069 0.0829532 0.996453 0.0141203 -0.481424 0.0524758 -0.874916 95 96
WAYPOINT -118.474 149.461 -680.419 -0.0402624 0.0282466 0.99879 0.110003 0.993649 -0.0236669 -0.993116 0.108917 -0.0431139 96 97
WAYPOINT -118.591 149.585 -677.851 -0.0399675 0.0298323 0.998756 0.110245 0.993583 -0.0252661 -0.993101 0.109098 -0.0429999 97 98
WAYPOINT -118.702 149.73 -675.267 -0.0398035 0.0309533 0.998728 0.110293 0.993549 -0.0263972 -0.993102 0.109102 -0.0429606 98 99
WAYPOINT -118.809 149.887 -672.673 -0.0396641 0.0321845 0.998695 0.110219 0.993523 -0.0276404 -0.993116 0.108979 -0.0429545 99 100
WAYPOINT -68.2074 158.441 -535.231 0.682089 0.0508714 0.729498 0.0757761 0.98729 -0.1397 -0.727333 0.150566 0.669565 100 101
WAYPOINT -66.2685 158.726 -533.227 0.682283 0.054866 0.729026 0.0731575 0.987051 -0.142752 -0.727418 0.150731 0.669435 101 102
WAYPOINT -64.3301 158.99 -531.224 0.682384 0.0581552 0.728677 0.0710023 0.986844 -0.145251 -0.727537 0.150855 0.669278 102 103
WAYPOINT -62.3934 159.231 -529.224 0.682444 0.0609747 0.72839 0.0691637 0.986656 -0.147395 -0.727658 0.150967 0.66912 103 104
WAYPOINT -60.4586 159.452 -527.226 0.682463 0.0640004 0.728113 0.0672048 0.986445 -0.149699 -0.727824 0.151097 0.668911 104 105
WAYPOINT 51.1975 170.409 -496.337 0.985821 0.115043 0.122158 -0.0888235 0.975396 -0.201774 -0.142365 0.188062 0.971784 105 106
WAYPOINT 54.0733 170.846 -496.045 0.985458 0.11847 0.121807 -0.0921519 0.974904 -0.202657 -0.142759 0.188486 0.971645 106 107
WAYPOINT 56.9485 171.259 -495.752 0.985307 0.119439 0.122081 -0.0930004 0.974742 -0.203051 -0.14325 0.188714 0.971528 107 108
WAYPOINT 59.8205 171.586 -495.457 0.985377 0.118485 0.122449 -0.0924381 0.97543 -0.199981 -0.143135 0.185737 0.972118 108 109
WAYPOINT 169.477 190.65 -568.592 0.696851 0.175725 -0.695355 -0.297921 0.952841 -0.0577673 0.652412 0.247416 0.716341 109 110
WAYPOINT 171.416 191.074 -570.579 0.693087 0.1741 -0.699514 -0.294891 0.953961 -0.0547532 0.657776 0.244229 0.712519 110 111
WAYPOINT 173.35 191.387 -572.565 0.692183 0.173727 -0.700501 -0.294172 0.954224 -0.0540283 0.659049 0.243466 0.711603 111 112
WAYPOINT 175.28 191.591 -574.548 0.691956 0.173634 -0.700748 -0.293993 0.95429 -0.0538472 0.659367 0.243275 0.711374 112 113
WAYPOINT 200.425 206.73 -683.644 -0.185341 0.0832797 -0.979139 -0.168688 0.978915 0.115192 0.968087 0.186519 -0.167385 113 114
WAYPOINT 199.848 207.187 -686.318 -0.186458 0.0889761 -0.978425 -0.167506 0.97843 0.120898 0.968078 0.186435 -0.167532 114 115
WAYPOINT 199.27 207.621 -688.994 -0.186815 0.0918957 -0.978087 -0.166943 0.978165 0.123789 0.968106 0.18641 -0.167395 115 116
WAYPOINT 198.693 208.021 -691.667 -0.186913 0.0928788 -0.977976 -0.166782 0.978068 0.124763 0.968115 0.186429 -0.167323 116 117
WAYPOINT 198.117 208.371 -694.335 -0.187186 0.09537 -0.977684 -0.166363 0.977821 0.127235 0.968134 0.186467 -0.167169 117 118
WAYPOINT 197.254 208.828 -698.326 -0.186967 0.105669 -0.976666 -0.164217 0.976847 0.137125 0.968543 0.186023 -0.165285 118 119
WAYPOINT 124.75 219.034 -800.366 -0.773495 0.0562512 -0.631299 -0.0137517 0.99433 0.105448 0.633651 0.0902449 -0.768336 119 120
WAYPOINT 122.461 219.175 -802.062 -0.814193 0.0572971 -0.577758 -0.0111694 0.993389 0.114256 0.580485 0.0994797 -0.80817 120 121
WAYPOINT 120.064 219.351 -803.588 -0.856329 0.0567825 -0.513297 -0.0154623 0.990672 0.135387 0.516197 0.123873 -0.847464 121 122
WAYPOINT 117.585 219.569 -804.993 -0.883452 0.0545467 -0.465334 -0.0183266 0.988416 0.150656 0.468161 0.141626 -0.872219 122 123
WAYPOINT -10.1274 228.233 -816.492 -0.982095 0.0756688 0.17251 0.0853377 0.99513 0.0493283 -0.167937 0.0631668 -0.98377 123 124
WAYPOINT -13.0321 228.38 -816.03 -0.980711 0.074992 0.180496 0.0849404 0.995228 0.0480232 -0.176033 0.0624283 -0.982401 124 125
WAYPOINT -15.9362 228.429 -815.581 -0.98067 0.0727446 0.181636 0.0802164 0.996193 0.0341248 -0.178462 0.0480354 -0.982772 125 126
WAYPOINT -18.8405 228.47 -815.115 -0.981189 0.0697936 0.179981 0.0754474 0.996843 0.0247526 -0.177685 0.0378661 -0.983357 126 127
WAYPOINT -21.7563 228.56 -814.626 -0.981627 0.0656888 0.179138 0.0706619 0.997268 0.0215162 -0.177235 0.0337791 -0.983587 127 128
WAYPOINT -108.921 236.728 -737.579 -0.416683 0.0551208 0.907377 0.106538 0.994242 -0.0114733 -0.902785 0.0918897 -0.420156 128 129
WAYPOINT -110.148 236.903 -734.976 -0.41687 0.0550104 0.907298 0.105166 0.994383 -0.01197 -0.902859 0.0904275 -0.420314 129 130
WAYPOINT -111.373 237.076 -732.369 -0.417012 0.0549303 0.907237 0.10429 0.994471 -0.0122749 -0.902895 0.0894967 -0.420436 130 131
WAYPOINT -112.595 237.245 -729.758 -0.417101 0.0549245 0.907197 0.103712 0.994528 -0.0125281 -0.902921 0.0888617 -0.420515 131 132
WAYPOINT -113.816 237.413 -727.142 -0.41716 0.0549297 0.907169 0.103317 0.994567 -0.0127112 -0.902939 0.0884236 -0.420569 132 133
WAYPOINT -115.036 237.579 -724.523 -0.417203 0.0549203 0.90715 0.103038 0.994595 -0.0128262 -0.902951 0.0881203 -0.420607 133 134
WAYPOINT -120.857 244.096 -605.102 0.206898 0.0602086 0.976508 0.1206 0.988923 -0.0865261 -0.9709 0.135669 0.197345 134 135
WAYPOINT -120.258 244.292 -602.273 0.233314 0.0589382 0.970613 0.119434 0.988867 -0.088756 -0.965038 0.136633 0.223678 135 136
WAYPOINT -119.636 244.486 -599.448 0.241738 0.0594264 0.96852 0.116863 0.989075 -0.0898558 -0.963278 0.134905 0.232152 136 137
WAYPOINT -118.995 244.683 -596.623 0.243671 0.0602878 0.967982 0.114732 0.989266 -0.0904948 -0.963047 0.133109 0.234139 137 138
WAYPOINT -118.337 244.885 -593.796 0.244151 0.0610212 0.967815 0.113139 0.98941 -0.0909242 -0.963114 0.131697 0.234662 138 139
WAYPOINT -44.6155 251.093 -511.748 0.985239 -0.00101364 0.171179 0.0360262 0.978814 -0.201556 -0.167348 0.204748 0.964403 139 140
WAYPOINT -41.8572 251.16 -511.213 0.987248 0.00581978 0.159082 0.0275989 0.97794 -0.207052 -0.156778 0.208803 0.965309 140 141
WAYPOINT -39.0673 251.283 -510.731 0.987829 0.010337 0.155201 0.0222992 0.978071 -0.207073 -0.153938 0.208014 0.965936 141 142
WAYPOINT -36.2513 251.456 -510.276 0.987959 0.0136487 0.15411 0.018161 0.978984 -0.203128 -0.153644 0.203481 0.966948 142 143
WAYPOINT -33.4163 251.663 -509.836 0.987966 0.0168346 0.153754 0.0141234 0.980088 -0.198061 -0.154027 0.197849 0.968055 143 144
WAYPOINT 84.0404 266.975 -477.947 0.941881 0.189488 0.277406 -0.170449 0.981114 -0.0914434 -0.289494 0.0388451 0.956391 144 145
WAYPOINT 86.7646 267.373 -477.211 0.942298 0.186049 0.278316 -0.167396 0.981813 -0.0895696 -0.289918 0.0378123 0.956304 145 146
WAYPOINT 89.4819 267.661 -476.478 0.942401 0.185189 0.278542 -0.166633 0.981985 -0.0891007 -0.290025 0.0375543 0.956282 146 147
WAYPOINT 92.1942 267.839 -475.747 0.942426 0.184974 0.278598 -0.166442 0.982028 -0.0889834 -0.290051 0.0374899 0.956276 147 148
WAYPOINT 146.048 268.213 -438.931 0.657579 0.0468399 0.751928 0.0253196 0.996128 -0.0841944 -0.75296 0.074403 0.653847 148 149
WAYPOINT 147.712 268.335 -437.072 0.657594 0.0460062 0.751966 0.0273023 0.996023 -0.0848136 -0.752877 0.0763033 0.653722 149 150
WAYPOINT 149.372 268.442 -435.216 0.657606 0.0452357 0.752002 0.0288686 0.995949 -0.0851547 -0.752808 0.0777075 0.653636 150 151
WAYPOINT 151.029 268.535 -433.363 0.657622 0.0443316 0.752042 0.0301744 0.995916 -0.0850933 -0.752743 0.0786517 0.653599 151 152
WAYPOINT 152.682 268.619 -431.514 0.65764 0.0436183 0.752068 0.0311004 0.995899 -0.0849554 -0.752689 0.0792596 0.653587 152 153
WAYPOINT 216.166 274.262 -354.567 0.54198 0.0683256 0.837609 0.00737538 0.996264 -0.0860397 -0.840358 0.0528094 0.539451 153 154
WAYPOINT 217.527 274.459 -352.473 0.533829 0.0693384 0.842744 0.00557631 0.996322 -0.0855064 -0.845574 0.0503451 0.531479 154 155
WAYPOINT 218.866 274.656 -350.362 0.523796 0.0704807 0.848923 0.00416513 0.996347 -0.0852904 -0.851833 0.0482105 0.521589 155 156
WAYPOINT 220.202 274.852 -348.244 0.520153 0.070943 0.851121 0.00489764 0.99628 -0.0860354 -0.854058 0.04892 0.517871 156 157
WAYPOINT 246.868 280.278 -286.979 0.292295 0.0820156 0.952804 0.00813536 0.996066 -0.0882351 -0.956293 0.033542 0.290478 157 158
WAYPOINT 247.648 280.498 -284.528 0.292319 0.0819702 0.9528 0.00828856 0.996065 -0.0882351 -0.956284 0.0336901 0.290489 158 159
WAYPOINT 248.427 280.718 -282.072 0.292337 0.0819338 0.952798 0.00840107 0.996065 -0.0882319 -0.956277 0.0337979 0.290498 159 160
WAYPOINT 249.207 280.939 -279.612 0.29235 0.0819024 0.952796 0.00848671 0.996064 -0.0882255 -0.956272 0.0338788 0.290505 160 161
WAYPOINT 267.357 288.104 -200.319 0.0655374 0.0882375 0.993939 0.00283343 0.996062 -0.0886126 -0.997844 0.00862355 0.0650294 161 162
WAYPOINT 267.576 288.346 -197.668 0.0657254 0.0881187 0.993938 0.00423267 0.996059 -0.0885865 -0.997827 0.0100292 0.0650934 162 163
WAYPOINT 267.79 288.589 -195.013 0.0658775 0.0880165 0.993937 0.00524651 0.996058 -0.0885519 -0.997812 0.0110481 0.0651561 163 164
WAYPOINT 268.001 288.833 -192.355 0.0659916 0.0879287 0.993937 0.0059778 0.996057 -0.088513 -0.997801 0.0117825 0.0652058 164 165
WAYPOINT 268.209 289.074 -189.692 0.0661049 0.0870054 0.994011 0.00658604 0.996131 -0.0876289 -0.997789 0.0123392 0.0652762 165 166
WAYPOINT 270.807 294.479 -122.355 -0.116284 0.0763552 0.990275 0.00120887 0.997051 -0.0767356 -0.993213 -0.00772619 -0.116034 166 167
WAYPOINT 270.542 294.691 -119.659 -0.115997 0.0761058 0.990328 0.00333488 0.997084 -0.0762343 -0.993242 -0.00554046 -0.115912 167 168
WAYPOINT 270.27 294.904 -116.961 -0.115786 0.0762104 0.990344 0.00463638 0.997083 -0.0761867 -0.993261 -0.00422986 -0.115801 168 169
WAYPOINT 269.992 295.12 -114.259 -0.115706 0.0763781 0.990341 0.0053024 0.997073 -0.0762776 -0.993267 -0.00357472 -0.115772 169 170
WAYPOINT 258.322 301.196 -46.9272 -0.405979 0.0849066 0.909927 -0.00509094 0.995449 -0.095158 -0.913866 -0.0432648 -0.403699 170 171
WAYPOINT 257.268 301.436 -44.4118 -0.405593 0.0847145 0.910117 -0.00189946 0.995616 -0.0935191 -0.914049 -0.0396597 -0.403654 171 172
WAYPOINT 256.204 301.677 -41.897 -0.405241 0.0845493 0.910289 0.000491565 0.995734 -0.0922666 -0.914207 -0.036943 -0.403554 172 173
WAYPOINT 255.132 301.917 -39.3821 -0.404971 0.0844093 0.910422 0.00223195 0.995818 -0.0913338 -0.914324 -0.0349557 -0.403466 173 174
WAYPOINT 215.137 307.958 22.7565 -0.739576 0.0642356 0.669996 0.00348616 0.995788 -0.0916223 -0.673059 -0.0654263 -0.736685 174 175
WAYPOINT 213.145 308.131 24.589 -0.740368 0.0642784 0.669116 0.00332611 0.995756 -0.0919765 -0.672188 -0.0658712 -0.73744 175 176
WAYPOINT 211.142 308.302 26.4128 -0.74296 0.0644902 0.666217 0.00259122 0.995617 -0.0934864 -0.669326 -0.0677306 -0.739871 176 177
WAYPOINT 209.126 308.477 28.2296 -0.746194 0.0641425 0.662627 0.00191496 0.99555 -0.094213 -0.665721 -0.0690326 -0.742996 177 178
WAYPOINT 162.203 304.181 64.153 -0.881917 -0.113661 0.457489 -0.211178 0.962926 -0.167862 -0.421449 -0.244653 -0.873223 178 179
WAYPOINT 159.872 303.887 65.3771 -0.887074 -0.117358 0.446451 -0.212357 0.962478 -0.168938 -0.409873 -0.244669 -0.878711 179 180
WAYPOINT 157.545 303.552 66.6 -0.888334 -0.118278 0.443695 -0.212651 0.962365 -0.169212 -0.406982 -0.24467 -0.880054 180 181
WAYPOINT 155.229 303.137 67.8323 -0.889124 -0.116463 0.442592 -0.204447 0.966295 -0.156444 -0.409455 -0.229586 -0.882967 181 182
WAYPOINT 152.914 302.747 69.0391 -0.892325 -0.102101 0.439687 -0.185747 0.970844 -0.151523 -0.411397 -0.216879 -0.885273 182 183
WAYPOINT 67.4177 301.36 89.1519 -0.944499 0.0508011 0.324552 -0.0258741 0.973397 -0.22766 -0.327483 -0.223423 -0.918058 183 184
WAYPOINT 65.1841 301.454 89.8294 -0.945178 0.0502399 0.322657 -0.0276775 0.972213 -0.232457 -0.32537 -0.228645 -0.917523 184 185
WAYPOINT 62.9523 301.539 90.4188 -0.957535 0.049403 0.284039 -0.0208452 0.970767 -0.239118 -0.287549 -0.234885 -0.928514 185 186
WAYPOINT 60.7077 301.63 90.8359 -0.975003 0.0413118 0.218301 -0.017412 0.965331 -0.260448 -0.221493 -0.25774 -0.940481 186 187
WAYPOINT 11.8528 299.373 94.6728 -0.99324 -0.0675246 -0.0943812 -0.043984 0.971652 -0.232288 0.107391 -0.226567 -0.968053 187 188
WAYPOINT 9.69745 299.259 94.4528 -0.992984 -0.0688226 -0.0961178 -0.0457164 0.973365 -0.224658 0.109019 -0.218689 -0.969682 188 189
WAYPOINT 7.54496 299.136 94.2271 -0.992893 -0.0697356 -0.096402 -0.0471256 0.974465 -0.219539 0.10925 -0.213437 -0.970825 189 190
WAYPOINT 5.39568 298.997 93.9981 -0.992844 -0.0704724 -0.0963741 -0.0482283 0.975153 -0.21622 0.109217 -0.210025 -0.971573 190 191
WAYPOINT 3.24959 298.841 93.7668 -0.992807 -0.0710934 -0.096296 -0.0490948 0.975581 -0.214084 0.109165 -0.207817 -0.972054 191 192
WAYPOINT -34.5358 295.74 83.4426 -0.956294 -0.0744281 -0.282761 -0.0163425 0.979154 -0.202461 0.291935 -0.188992 -0.937575 192 193
WAYPOINT -36.5742 295.566 82.717 -0.948133 -0.0787449 -0.307953 -0.0138551 0.978146 -0.207458 0.317559 -0.192432 -0.928503 193 194
WAYPOINT -38.5692 295.375 81.8869 -0.931749 -0.0867035 -0.352586 -0.00975901 0.9767 -0.214388 0.362959 -0.196316 -0.910886 194 195
WAYPOINT -40.5196 295.168 80.9627 -0.911898 -0.0950809 -0.39924 -0.00597676 0.975767 -0.218732 0.410362 -0.197076 -0.890368 195 196
WAYPOINT -42.4667 294.958 80.0117 -0.902197 -0.0988586 -0.419833 -0.00649367 0.976382 -0.215955 0.431266 -0.192108 -0.88153 196 197
WAYPOINT -89.365 290.866 47.5097 -0.742057 -0.0806929 -0.665457 0.046771 0.984076 -0.171483 0.668698 -0.158375 -0.726467 197 198
WAYPOINT -91.1427 290.696 45.8693 -0.742065 -0.0798105 -0.665554 0.0471989 0.984201 -0.170646 0.668659 -0.158045 -0.726575 198 199
WAYPOINT -92.9195 290.521 44.217 -0.740147 -0.0794341 -0.667731 0.0480729 0.984207 -0.170369 0.670719 -0.158198 -0.724639 199 200
WAYPOINT -94.6862 290.338 42.5444 -0.73477 -0.0799191 -0.673586 0.0494735 0.984076 -0.170725 0.676504 -0.158769 -0.719115 200 201
WAYPOINT -96.4373 290.148 40.8468 -0.726686 -0.0810861 -0.682162 0.0510082 0.983899 -0.17129 0.685068 -0.159271 -0.71085 201 202
WAYPOINT -130.815 288.156 -4.13339 -0.426884 -0.0657096 -0.901914 0.109734 0.986222 -0.12379 0.897622 -0.151815 -0.413791 202 203
WAYPOINT -131.828 288.009 -6.49555 -0.39008 -0.0684968 -0.918227 0.116686 0.985512 -0.123087 0.913355 -0.155159 -0.376436 203 204
WAYPOINT -132.779 287.871 -8.89506 -0.359501 -0.0709561 -0.930441 0.120405 0.985242 -0.121657 0.925342 -0.155767 -0.345652 204 205
WAYPOINT -133.65 287.734 -11.3324 -0.325869 -0.0738947 -0.94252 0.124697 0.984871 -0.120328 0.937153 -0.156741 -0.311725 205 206
WAYPOINT -134.352 287.581 -13.8118 -0.261336 -0.0800726 -0.961919 0.136654 0.983446 -0.118991 0.955523 -0.162547 -0.246068 206 207
WAYPOINT -139.161 283.058 -79.4573 -0.0486381 -0.0570889 -0.997182 0.110308 0.991951 -0.0621698 0.992705 -0.113021 -0.0419493 207 208
WAYPOINT -139.183 282.926 -82.2003 -0.0180411 -0.0578912 -0.998158 0.114756 0.991605 -0.0595853 0.993228 -0.11562 -0.0112462 208 209
WAYPOINT -139.101 282.777 -84.9338 0.0250329 -0.0603454 -0.997862 0.119957 0.991145 -0.05693 0.992462 -0.118276 0.0320501 209 210
WAYPOINT -138.898 282.616 -87.6525 0.077241 -0.0639624 -0.994957 0.125841 0.990584 -0.053912 0.989037 -0.121043 0.0845628 210 211
WAYPOINT -138.556 282.445 -90.3476 0.138179 -0.0685541 -0.98803 0.132365 0.98993 -0.0501743 0.981521 -0.123848 0.145862 211 212
WAYPOINT -123.19 279.526 -143.507 0.488527 -0.0687979 -0.869831 0.130276 0.991464 -0.00525088 0.862768 -0.110753 0.49332 212 213
WAYPOINT -121.854 279.348 -145.944 0.514655 -0.0707656 -0.854471 0.127308 0.991848 -0.00546464 0.847893 -0.105968 0.519468 213 214
WAYPOINT -120.486 279.168 -148.372 0.52044 -0.0712106 -0.850923 0.122472 0.992439 -0.00814764 0.845069 -0.0999739 0.525226 214 215
WAYPOINT -119.095 278.987 -150.795 0.521132 -0.0712989 -0.850492 0.118201 0.992931 -0.0108132 0.845251 -0.0948942 0.525876 215 216
WAYPOINT -117.686 278.805 -153.215 0.52094 -0.0713079 -0.850609 0.11477 0.993307 -0.0129819 0.845842 -0.0908616 0.525638 216 217
WAYPOINT -85.8428 274.801 -193.444 0.887972 -0.0973091 -0.449484 0.117154 0.992977 0.0164724 0.444725 -0.0672861 0.893136 217 218
WAYPOINT -83.4499 274.535 -194.781 0.889123 -0.0953941 -0.447615 0.111742 0.993685 0.0101887 0.443817 -0.0590765 0.894168 218 219
WAYPOINT -81.0249 274.295 -196.085 0.890403 -0.0924955 -0.445675 0.107569 0.994161 0.00858048 0.442279 -0.0555808 0.895154 219 220
WAYPOINT -78.5672 274.087 -197.373 0.89078 -0.090871 -0.445257 0.105033 0.994443 0.00717528 0.44213 -0.0531581 0.895374 220 221
WAYPOINT -76.0859 273.904 -198.657 0.890872 -0.0896678 -0.445316 0.102658 0.994704 0.00508021 0.442502 -0.0502412 0.895359 221 222
WAYPOINT -22.0364 270.229 -225.52 0.932517 -0.0663057 -0.354988 0.0883849 0.995008 0.0463271 0.350144 -0.0745764 0.933722 222 223
WAYPOINT -19.3017 270.069 -226.585 0.936546 -0.0672318 -0.344037 0.0902966 0.994585 0.0514455 0.338715 -0.0792464 0.937546 223 224
WAYPOINT -16.5728 269.822 -227.652 0.937542 -0.0674761 -0.341264 0.0907672 0.994475 0.0527298 0.33582 -0.080412 0.938487 224 225
WAYPOINT -13.8473 269.476 -228.723 0.93759 -0.0697084 -0.340684 0.0912602 0.994687 0.0476294 0.335554 -0.0757478 0.938971 225 226
WAYPOINT -11.104 269.14 -229.784 0.936886 -0.0726103 -0.342013 0.0932497 0.994658 0.0442728 0.336971 -0.0733712 0.938652 226 227
WAYPOINT 56.38 263.77 -230.433 0.956787 -0.0999651 0.273067 0.0786055 0.993005 0.0881001 -0.279964 -0.0628284 0.957952 227 228
WAYPOINT 59.3122 263.516 -229.612 0.95744 -0.101099 0.270345 0.0806763 0.993054 0.0856463 -0.277126 -0.0601907 0.958946 228 229
WAYPOINT 62.2395 263.292 -228.798 0.960304 -0.0868339 0.265097 0.0663907 0.994154 0.0851427 -0.270941 -0.0641628 0.960455 229 230
WAYPOINT 65.201 263.14 -228.01 0.963939 -0.0771883 0.254684 0.0589181 0.995163 0.0786128 -0.25952 -0.0607724 0.963823 230 231
WAYPOINT 153.311 255.616 -170.302 0.894733 -0.0252301 0.445887 -0.0372537 0.990707 0.130813 -0.445044 -0.133653 0.885479 231 232
WAYPOINT 156.008 255.711 -168.701 0.852226 -0.031553 0.522222 -0.0667827 0.983453 0.168405 -0.518894 -0.178394 0.836017 232 233
WAYPOINT 158.574 255.788 -166.926 0.799996 -0.0420298 0.59853 -0.095261 0.975994 0.195862 -0.592394 -0.213705 0.776788 233 234
WAYPOINT 161.041 255.825 -165.031 0.765501 -0.0546523 0.641109 -0.11273 0.969584 0.217255 -0.633483 -0.238581 0.736056 234 235
WAYPOINT 185.548 246.953 -95.242 -0.064958 -0.158622 0.985199 -0.165913 0.97526 0.146082 -0.983997 -0.153968 -0.0896684 235 236
WAYPOINT 185.434 246.505 -92.3611 -0.0420483 -0.163526 0.985641 -0.145828 0.976955 0.155864 -0.988415 -0.13718 -0.064926 236 237
WAYPOINT 185.36 246.095 -89.4539 -0.0170444 -0.165531 0.986056 -0.135059 0.977543 0.161767 -0.99069 -0.130418 -0.0390181 237 238
WAYPOINT 185.312 245.705 -86.5438 0.00120467 -0.157104 0.98758 -0.134402 0.978596 0.155838 -0.990925 -0.13292 -0.0199362 238 239
WAYPOINT 185.283 245.386 -83.6215 0.0158884 -0.139023 0.99016 -0.143616 0.979701 0.139858 -0.989505 -0.144425 -0.00440003 239 240
WAYPOINT 162.413 233.198 10.7435 -0.453186 -0.135092 0.881118 -0.247641 0.968621 0.021138 -0.856325 -0.208622 -0.47242 240 241
WAYPOINT 160.819 233.061 13.6402 -0.466815 -0.0708491 0.88151 -0.217447 0.97538 -0.0367584 -0.857203 -0.208841 -0.470727 241 242
WAYPOINT 159.174 233.004 16.6098 -0.468495 -0.0600685 0.881419 -0.210428 0.976559 -0.0452955 -0.858038 -0.206696 -0.470153 242 243
WAYPOINT 157.502 233 19.6029 -0.468761 -0.0582834 0.881398 -0.209067 0.97679 -0.0465986 -0.858225 -0.206115 -0.470066 243 244
WAYPOINT 112.547 222.702 76.7821 -0.916028 -0.222524 0.333722 -0.32495 0.89946 -0.292197 -0.235148 -0.376104 -0.896239 244 245
WAYPOINT 109.448 222.202 77.9385 -0.944913 -0.18371 0.270895 -0.258216 0.926995 -0.272039 -0.201141 -0.327004 -0.923366 245 246
WAYPOINT 106.272 221.801 78.833 -0.966199 -0.142201 0.215019 -0.196782 0.94566 -0.25885 -0.166526 -0.292413 -0.941678 246 247
WAYPOINT 103.015 221.45 79.5747 -0.970017 -0.127664 0.20679 -0.180226 0.94872 -0.259708 -0.163031 -0.289191 -0.943283 247 248
WAYPOINT 99.7365 221.152 80.2893 -0.970959 -0.123231 0.205055 -0.173328 0.953148 -0.247925 -0.164896 -0.276267 -0.946826 248 249
WAYPOINT 25.7305 213.619 94.1754 -0.983076 -0.0972796 0.15522 -0.130455 0.966643 -0.220415 -0.1286 -0.236934 -0.962974 249 250
WAYPOINT 22.2372 213.231 94.6872 -0.983084 -0.0973073 0.155147 -0.130477 0.966618 -0.220509 -0.128511 -0.237023 -0.962964 250 251
WAYPOINT 18.7497 212.735 95.1982 -0.983087 -0.0973142 0.155129 -0.130483 0.966612 -0.220533 -0.128489 -0.237046 -0.962961 251 252
WAYPOINT 15.2735 212.143 95.719 -0.983684 -0.092863 0.154068 -0.124196 0.970169 -0.208201 -0.130138 -0.22394 -0.965872 252 253
WAYPOINT -103.772 205.474 66.547 -0.831626 -0.0484021 -0.553219 0.0774393 0.976354 -0.201834 0.549906 -0.210691 -0.808212 253 254
WAYPOINT -106.699 205.354 64.6509 -0.822929 -0.0526268 -0.565696 0.0753633 0.97679 -0.200503 0.563119 -0.207633 -0.799863 254 255
WAYPOINT -109.606 205.236 62.7115 -0.817601 -0.0549177 -0.573155 0.0709933 0.97823 -0.195002 0.571387 -0.200124 -0.795903 255 256
WAYPOINT -141.763 198.905 -16.2535 -0.164585 -0.0878388 -0.982443 0.104747 0.988838 -0.105959 0.980784 -0.120347 -0.153547 256 257
WAYPOINT -142.291 198.666 -19.421 -0.164525 -0.0871232 -0.982516 0.104693 0.988922 -0.105222 0.9808 -0.120175 -0.153581 257 258
WAYPOINT -142.817 198.419 -22.5923 -0.164469 -0.0864566 -0.982585 0.104687 0.988995 -0.104544 0.98081 -0.120058 -0.153608 258 259
WAYPOINT -143.341 198.166 -25.7668 -0.164413 -0.0858331 -0.982649 0.104712 0.989059 -0.103913 0.980816 -0.11998 -0.153627 259 260
WAYPOINT -119.793 190.086 -136.08 0.527964 -0.0765056 -0.845813 0.116591 0.993034 -0.017045 0.841225 -0.0896151 0.533206 260 261
WAYPOINT -118.112 189.855 -138.869 0.528158 -0.0754367 -0.845788 0.113268 0.993404 -0.0178715 0.841557 -0.0863622 0.533219 261 262
WAYPOINT -116.425 189.625 -141.652 0.528356 -0.0744881 -0.845749 0.110965 0.993658 -0.0181932 0.84174 -0.0842359 0.53327 262 263
WAYPOINT -73.3644 184.458 -200.926 0.730684 -0.0714043 -0.678971 0.100017 0.994981 0.00299721 0.675349 -0.0700988 0.734159 263 264
WAYPOINT -71.0878 184.321 -203.086 0.731056 -0.0692734 -0.678792 0.0960862 0.995371 0.00190275 0.675518 -0.0666136 0.734328 264 265
WAYPOINT -68.8103 184.181 -205.239 0.731333 -0.0674416 -0.678677 0.0927744 0.995687 0.0010288 0.675681 -0.0637163 0.734435 265 266
WAYPOINT -66.5337 184.032 -207.388 0.731554 -0.0658421 -0.678596 0.0899579 0.995946 0.000344662 0.675822 -0.0612973 0.734511 266 267
WAYPOINT -30.0437 181.425 -227.399 0.942209 -0.05914 -0.329765 0.0692699 0.997416 0.0190422 0.327787 -0.0407846 0.943871 267 268
WAYPOINT -27.2814 181.318 -228.4 0.942375 -0.0574547 -0.329587 0.0668231 0.997617 0.0171568 0.327815 -0.0381922 0.943969 268 269
WAYPOINT -24.5211 181.207 -229.395 0.942504 -0.0560326 -0.329464 0.0648188 0.997773 0.015735 0.327848 -0.0361857 0.944037 269 270
WAYPOINT -21.7623 181.087 -230.385 0.942563 -0.0555507 -0.329376 0.064437 0.997792 0.0161151 0.327753 -0.0364134 0.944061 270 271
WAYPOINT -19.0045 180.947 -231.367 0.942535 -0.0559258 -0.329394 0.0670257 0.997499 0.0224294 0.327316 -0.0432184 0.943926 271 272
WAYPOINT 79.7742 173.735 -224.45 0.98299 -0.050257 0.17665 0.0351414 0.995529 0.0876794 -0.180267 -0.0799802 0.980361 272 273
WAYPOINT 82.5005 173.661 -223.936 0.982961 -0.0502389 0.176817 0.0348985 0.995436 0.0888243 -0.180472 -0.0811402 0.980227 273 274
WAYPOINT 85.2225 173.492 -223.423 0.982953 -0.0502344 0.176859 0.0348378 0.995412 0.0891105 -0.180524 -0.0814301 0.980194 274 275
WAYPOINT 87.9381 173.221 -222.899 0.982953 -0.0502073 0.176867 0.0327317 0.994411 0.100375 -0.180918 -0.0928746 0.979103 275 276
WAYPOINT 165.021 166.415 -160.666 0.430537 -0.0771606 0.899268 -0.129249 0.9808 0.146036 -0.89327 -0.179104 0.412298 276 277
WAYPOINT 166.218 166.058 -158.354 0.430937 -0.0771687 0.899075 -0.128778 0.98088 0.145915 -0.893145 -0.178661 0.41276 277 278
WAYPOINT 167.413 165.592 -156.046 0.431037 -0.0771708 0.899027 -0.128661 0.9809 0.145884 -0.893114 -0.178551 0.412875 278 279
WAYPOINT 168.625 165.049 -153.737 0.432339 -0.0857057 0.897628 -0.107153 0.983536 0.145518 -0.895321 -0.159096 0.416038 279 280
WAYPOINT 169.813 164.558 -151.406 0.433446 -0.0935976 0.896305 -0.0971399 0.983944 0.149725 -0.895928 -0.151965 0.417395 280 281
WAYPOINT 186.112 151.267 -24.9314 -0.290869 -0.112557 0.950117 -0.225923 0.973053 0.046109 -0.929704 -0.201242 -0.30846 281 282
WAYPOINT 185.341 151.191 -22.4887 -0.29273 -0.105995 0.9503 -0.217971 0.975068 0.0416132 -0.931018 -0.194956 -0.308535 282 283
WAYPOINT 184.565 151.103 -20.0493 -0.294002 -0.100787 0.950474 -0.212466 0.976436 0.0378189 -0.931889 -0.190825 -0.308488 283 284
WAYPOINT 183.786 150.99 -17.6118 -0.294572 -0.0983323 0.950555 -0.209687 0.977102 0.036097 -0.932338 -0.188686 -0.308446 284 285
WAYPOINT 88.3798 132.471 80.04 -0.959301 -0.171202 0.224562 -0.201427 0.972215 -0.119273 -0.197903 -0.159651 -0.967131 285 286
WAYPOINT 86.1816 132.15 80.7411 -0.940582 -0.148647 0.305297 -0.18816 0.976595 -0.104198 -0.282662 -0.155452 -0.946537 286 287
WAYPOINT 83.9843 131.861 81.4483 -0.933191 -0.138572 0.331586 -0.185308 0.976092 -0.113604 -0.307916 -0.16746 -0.936558 287 288
WAYPOINT 81.7836 131.593 82.1597 -0.932099 -0.134682 0.336226 -0.185799 0.974647 -0.124667 -0.310912 -0.178673 -0.933491 288 289
WAYPOINT -33.0201 119.772 80.7376 -0.976543 -0.0919809 -0.194677 -0.0500302 0.976347 -0.21034 0.20942 -0.195667 -0.958047 289 290
WAYPOINT -35.5739 119.542 80.0594 -0.968646 -0.0920231 -0.230768 -0.0417025 0.975917 -0.214119 0.244914 -0.197783 -0.949155 290 291
WAYPOINT -38.1229 119.323 79.373 -0.966202 -0.0888435 -0.241985 -0.0368221 0.976672 -0.211555 0.255136 -0.195495 -0.946934 291 292
WAYPOINT -40.6723 119.13 78.6866 -0.965944 -0.0848511 -0.244434 -0.0330913 0.977454 -0.208537 0.256618 -0.193347 -0.946974 292 293
WAYPOINT -125.293 112.369 -1.69045 -0.448371 -0.0674105 -0.8913 0.094898 0.987926 -0.122457 0.888794 -0.139489 -0.43656 293 294
WAYPOINT -126.51 112.212 -4.11127 -0.448135 -0.0649484 -0.891602 0.0957878 0.988127 -0.120124 0.888817 -0.139237 -0.436593 294 295
WAYPOINT -127.719 112.065 -6.52955 -0.447621 -0.0596585 -0.892229 0.0979299 0.9885 -0.115226 0.888843 -0.138954 -0.436631 295 296
WAYPOINT -128.922 111.939 -8.95047 -0.447311 -0.0565122 -0.892589 0.0991019 0.988724 -0.112263 0.888869 -0.138674 -0.436667 296 297
WAYPOINT -127.308 104.534 -138.635 0.343162 -0.0582096 -0.93747 0.122318 0.992348 -0.0168424 0.931277 -0.10889 0.347656 297 298
WAYPOINT -126.338 104.383 -141.302 0.365072 -0.0590519 -0.929104 0.119905 0.992657 -0.0159771 0.923225 -0.105572 0.369472 298 299
WAYPOINT -125.353 104.233 -143.96 0.370572 -0.0586255 -0.926951 0.116208 0.99309 -0.0163517 0.921504 -0.101659 0.374825 299 300
WAYPOINT -124.356 104.085 -146.611 0.371859 -0.0579735 -0.926476 0.113233 0.993428 -0.0167147 0.921356 -0.0986923 0.37598 300 301
WAYPOINT 3.0336 92.712 -242.893 0.950022 -0.0768651 -0.302572 0.0936732 0.994741 0.0414141 0.297798 -0.0676872 0.952226 301 302
WAYPOINT 5.78423 92.5197 -243.774 0.949929 -0.0778383 -0.302615 0.094648 0.994655 0.0412625 0.297786 -0.0678383 0.952219 302 303
WAYPOINT 8.5292 92.3296 -244.656 0.950089 -0.0764673 -0.302462 0.0918468 0.995088 0.0369334 0.298152 -0.0628702 0.952446 303 304
WAYPOINT 12.6337 92.1018 -245.965 0.951281 -0.0626814 -0.301887 0.0776286 0.996267 0.0377597 0.298393 -0.0593552 0.952596 304 305
WAYPOINT 145.396 80.5305 -177.761 0.802647 -0.0822931 0.59075 -0.00739836 0.988986 0.147821 -0.596408 -0.123018 0.793198 305 306
WAYPOINT 148.499 80.2663 -175.469 0.802124 -0.0605374 0.594081 -0.0209198 0.991389 0.129269 -0.596791 -0.116118 0.79395 306 307
WAYPOINT 202.08 71.2767 -59.3526 0.0860383 -0.0915584 0.992075 -0.175967 0.978717 0.105586 -0.980628 -0.183657 0.0680959 307 308
WAYPOINT 202.299 71.0531 -56.5194 0.0857251 -0.088398 0.992388 -0.176699 0.978917 0.102461 -0.980523 -0.184138 0.068298 308 309
WAYPOINT 202.5 70.8352 -53.6682 0.0852527 -0.0891808 0.992359 -0.190201 0.976214 0.10407 -0.978035 -0.19762 0.0662626 309 310
WAYPOINT 119.709 54.9348 98.3573 -0.910759 -0.153566 0.383315 -0.274613 0.918499 -0.284511 -0.308383 -0.364385 -0.878702 310 311
