MusicIndex:|2
Skybox:|20|21|22|23|24|25
PhysXModel:|18
RC:|18|7
RC:|19|58
RC:|29|116
RC:|28|7
%
WAYPOINT 2.64749 1.85358 -133.922 0.388388 0.190178 -0.901657 0.889979 0.176298 0.420541 0.238938 -0.96579 -0.100782 0 1
WAYPOINT 11.4592 0.895497 -217.475 -0.0147109 -0.00433729 -0.999882 0.00514254 0.999977 -0.00441337 0.999878 -0.00520687 -0.0146883 1 2
WAYPOINT -33.798 0.900481 -293.01 -0.85721 -0.00642721 -0.514927 -0.00580643 0.999979 -0.00281544 0.514934 0.000576459 -0.857229 2 3
WAYPOINT -116.127 0.893198 -324.627 -0.99653 -0.000725467 -0.0832368 -0.00211547 0.99986 0.0166123 0.0832131 0.0167308 -0.996392 3 4
WAYPOINT -228.167 1.49813 -332.489 -0.999627 0.00364523 -0.0270848 -0.00815612 0.906107 0.422969 0.0260836 0.423032 -0.905739 4 5
WAYPOINT -361.463 3.82674 -338.394 -0.985892 -0.0766387 0.148805 -0.00594577 0.904494 0.426445 -0.167276 0.419544 -0.892189 5 6
WAYPOINT -475.188 0.89433 -322.35 -0.993984 -0.00513628 0.109393 -0.00513721 0.999987 0.000273401 -0.109393 -0.000290218 -0.993997 6 7
WAYPOINT -599.814 0.893301 -315.546 -0.999561 -0.00342925 0.0294011 -0.00343068 0.999994 1.9445e-006 -0.029401 -9.89223e-005 -0.999567 7 8
WAYPOINT -691.788 0.893301 -312.953 -0.999984 -0.00327203 0.0044457 -0.00327651 0.999994 -0.0010018 -0.0044424 -0.00101635 -0.999989 8 9
WAYPOINT -803.938 0.893297 -316.32 -0.999533 -0.00313729 -0.0303834 -0.00322831 0.99999 0.00294738 0.0303738 0.00304409 -0.999533 9 10
WAYPOINT -903.199 0.893301 -315.616 -0.998264 -0.00308489 0.0588057 -0.00300531 0.999994 0.00144152 -0.0588098 0.00126229 -0.998267 10 11
WAYPOINT -1004.14 27.0224 -279.726 -0.902142 0.250628 0.351175 0.249603 0.967108 -0.048997 -0.351904 0.0434521 -0.935026 11 12
WAYPOINT -1082.04 49.0811 -225.429 -0.580699 0.176489 0.794758 0.249221 0.96789 -0.0328397 -0.775034 0.179 -0.606037 12 13
WAYPOINT -1113.97 60.8616 -136.62 -0.150462 0.0809911 0.985293 0.239353 0.969972 -0.0431807 -0.959203 0.229336 -0.165329 13 14
WAYPOINT -1115.67 65.0206 -52.5946 0.206885 -0.00873652 0.978326 0.246734 0.968105 -0.0435311 -0.946742 0.250393 0.202442 14 15
WAYPOINT -1088.98 72.5335 7.59613 0.748582 0.0310287 0.662315 0.138622 0.969505 -0.202097 -0.648389 0.243098 0.721453 15 16
WAYPOINT -1044.69 72.1093 39.974 0.916577 -0.0286312 0.398832 0.0701834 0.993468 -0.0899735 -0.393651 0.110459 0.9126 16 17
WAYPOINT -964.245 73.8891 64.6105 0.983602 0.134455 0.120207 -0.125946 0.989136 -0.0758156 -0.129095 0.0594327 0.98985 17 18
WAYPOINT -861.246 88.8331 68.9427 0.990439 0.137941 0.00181338 -0.137553 0.988485 -0.0630638 -0.0104916 0.0622114 0.998008 18 19
WAYPOINT -772.554 101.23 70.6474 0.989221 0.136166 0.0538635 -0.134284 0.990246 -0.037156 -0.0583975 0.0295225 0.997857 19 20
WAYPOINT -671.212 115.04 73.8081 0.992051 0.12582 0.0021371 -0.12555 0.99078 -0.0509128 -0.00852326 0.0502398 0.998701 20 21
WAYPOINT -554.27 116.9 66.7126 0.976826 0.0921558 0.193177 -0.161771 0.908864 0.384443 -0.140143 -0.406785 0.90271 21 22
WAYPOINT -402.342 119.367 49.9555 0.999491 0.0143373 -0.0284854 -0.0161011 0.997903 -0.0626847 0.027527 0.0631115 0.997627 22 23
WAYPOINT -311.04 120.623 46.2845 0.999575 0.00499201 -0.0287298 -0.00685618 0.997851 -0.065158 0.0283428 0.0653273 0.997461 23 24
WAYPOINT -182.035 121.818 40.6095 0.999237 0.00574974 -0.0386241 -0.00876667 0.996883 -0.078401 0.0380529 0.0786798 0.996173 24 25
WAYPOINT -96.1203 122.605 36.2478 0.999121 0.00598191 -0.0414982 -0.00922463 0.99688 -0.0783958 0.0408997 0.0787097 0.996058 25 26
WAYPOINT 31.0354 124.169 28.0117 0.960456 0.0695632 0.269603 -0.0757185 0.997051 0.0124856 -0.26794 -0.0324058 0.962891 26 27
WAYPOINT 88.0204 129.579 50.3264 0.66778 0.0984258 0.737822 -0.0991219 0.99415 -0.0429079 -0.737729 -0.0444814 0.673629 27 28
WAYPOINT 114.12 132.978 96.8189 0.0291172 0.0563149 0.997988 -0.171867 0.983825 -0.0505014 -0.984689 -0.170051 0.0383249 28 29
WAYPOINT 96.3289 134.949 140.59 -0.615644 0.0402821 0.786993 -0.079226 0.990469 -0.112673 -0.78403 -0.131717 -0.606584 29 30
WAYPOINT 13.7361 133.378 174.612 -0.954713 -0.0302785 0.295976 -0.0634536 0.992642 -0.103131 -0.290675 -0.117242 -0.949609 30 31
WAYPOINT -123.026 136.375 221.166 -0.8793 0.00865483 0.476186 0.0432252 0.997159 0.0616938 -0.474299 0.0748307 -0.877176 31 32
WAYPOINT -215.731 139.33 271.686 -0.885842 0.0519814 0.461064 0.0679423 0.997526 0.0180743 -0.458984 0.0473367 -0.887182 32 33
WAYPOINT -330.012 147.778 320.623 -0.958956 0.0694394 0.274915 0.0758283 0.99704 0.0126666 -0.273222 0.0329931 -0.961384 33 34
WAYPOINT -400.118 152.967 353.287 -0.723464 0.0542822 0.688223 0.0949265 0.995257 0.0212885 -0.683803 0.0807321 -0.725186 34 35
WAYPOINT -447.007 156.486 420.345 -0.50726 0.0378816 0.860958 0.132927 0.990517 0.0347364 -0.851478 0.132065 -0.507485 35 36
WAYPOINT -468.338 158.377 473.394 -0.136166 0.0214319 0.990453 0.174322 0.984685 0.00265863 -0.975227 0.173019 -0.137817 36 37
WAYPOINT -466.414 158.737 537.219 0.184577 -0.0104469 0.982762 0.0804497 0.996748 -0.00451408 -0.979519 0.0798962 0.184818 37 38
WAYPOINT -444.263 161.195 606.446 0.431289 0.0385325 0.90139 0.0390659 0.997353 -0.0613265 -0.901367 0.0616631 0.428642 38 39
WAYPOINT -378.695 163.08 702.506 0.805275 0.0516518 0.590648 0.00678231 0.99533 -0.0962879 -0.592863 0.0815441 0.801164 39 40
WAYPOINT -115.943 161.333 825.097 0.953349 -0.135611 0.269695 0.164529 0.982477 -0.0875733 -0.253093 0.12786 0.958955 40 41
WAYPOINT -11.0373 161.356 824.312 0.817855 0.0276861 -0.574758 -0.217312 0.939735 -0.263958 0.532813 0.340781 0.774583 41 42
WAYPOINT 64.6782 146.08 752.035 0.782465 -0.0191783 -0.622399 -0.192213 0.943276 -0.270711 0.592286 0.331454 0.734394 42 43
WAYPOINT 115.086 137.796 702.052 0.492641 -0.195912 -0.847893 -0.250299 0.901259 -0.353671 0.83346 0.38646 0.39496 43 44
WAYPOINT 125.285 122.528 651.543 -0.436017 -0.361496 -0.824143 -0.270677 0.92605 -0.262994 0.858269 0.108407 -0.501622 44 45
WAYPOINT 82.8495 93.632 568.003 -0.429338 -0.175687 -0.885892 -0.265525 0.962101 -0.0621167 0.86323 0.208557 -0.459716 45 46
WAYPOINT 49.7057 84.6423 500.076 -0.395904 -0.0972216 -0.913131 -0.132439 0.990029 -0.0479878 0.908691 0.101935 -0.404833 46 47
WAYPOINT 12.1031 52.8421 340.505 -0.0882874 -0.223742 -0.970641 -0.0178516 0.974646 -0.223041 0.995935 -0.00236426 -0.0900431 47 48
WAYPOINT 6.7967 36.4986 267.903 -0.0532357 -0.219187 -0.974229 0.00228055 0.975584 -0.219616 0.998579 -0.0139132 -0.051436 48 49
WAYPOINT 0.987943 7.42965 137.543 -0.0264966 -0.217935 -0.975603 4.26632e-005 0.975946 -0.218012 0.999649 -0.00581825 -0.0258499 49 50
WAYPOINT 4.70814 0.900728 35.9049 0.0728353 -0.000103817 -0.997343 -0.000508672 1 -0.000141242 0.997343 0.000517608 0.0728352 50 51
WAYPOINT 5.62733 0.893242 -42.7971 -0.0195046 3.12736e-005 -0.999809 -0.00015592 1 3.43213e-005 0.999809 0.000156559 -0.0195046 51 52
PICKUP_SPAWN -284.669 130.497 722.415 0 0
PICKUP_SPAWN -290.581 130.534 731.253 1 0
PICKUP_SPAWN -299.902 130.960 745.114 2 0
PICKUP_SPAWN -305.709 131.160 751.974 0 0
PICKUP_SPAWN -250.844 139.589 35.3690 0 0
PICKUP_SPAWN -247.570 140.556 47.4750 0 0
PICKUP_SPAWN -244.504 141.465 58.9540 0 0
PICKUP_SPAWN -204.884 0.8929 -293.928 0 0
PICKUP_SPAWN -206.275 0.8460 -322.572 0 0
PICKUP_SPAWN -207.401 9.0980 -353.830 0 0
PICKUP_SPAWN -208.942 15.146 -376.777 0 0