MusicIndex:|2
Skybox:|20|21|23|22|24|25
PhysXModel:|16
RC:|16|7
%
WAYPOINT 1.97287 4.93939 -32.9127 0.0591707 0.209988 -0.975911 0.0222304 0.977105 0.211593 0.998 -0.0342149 0.0531479 0 1
WAYPOINT -4.19621 27.3245 -101.795 0.0675749 0.300881 -0.951264 0.0178184 0.952928 0.302672 0.997554 -0.0374028 0.0590328 1 2
WAYPOINT -7.21765 45.733 -158.508 -0.098114 0.306273 -0.946874 0.000543113 0.951481 0.307707 0.995175 0.0296762 -0.0935199 2 3
WAYPOINT -25.3568 62.5116 -218.262 -0.562346 0.153519 -0.812525 -0.0190345 0.979951 0.198326 0.826682 0.126994 -0.548149 3 4
WAYPOINT -55.586 65.827 -255.463 -0.865791 0.0478104 -0.498115 -0.0265021 0.989647 0.141053 0.499702 0.135324 -0.85556 4 5
WAYPOINT -88.3503 66.4 -268.047 -0.924932 0.0177749 -0.379712 0.014295 0.999826 0.0119825 0.379859 0.00565503 -0.925025 5 6
WAYPOINT -146.604 66.3766 -288.532 -0.956807 -0.00559716 -0.290666 -0.00529474 0.999984 -0.00182692 0.290672 -0.000209009 -0.956822 6 7
WAYPOINT -210.74 65.4965 -316.452 -0.780529 -0.0263999 -0.624559 0.0480437 0.993619 -0.102041 0.623268 -0.109653 -0.774281 7 8
WAYPOINT -226.924 65.733 -345.858 0.0525093 -0.0262223 -0.998276 0.283575 0.958895 -0.010272 0.957511 -0.282546 0.0577869 8 9
WAYPOINT -216.231 62.6884 -364.857 0.642143 -0.186936 -0.743443 0.290733 0.956746 0.0105475 0.709314 -0.222916 0.668716 9 10
WAYPOINT -190.496 55.003 -378.16 0.918022 -0.232605 -0.321141 0.255654 0.966273 0.0309393 0.303113 -0.110504 0.946526 10 11
WAYPOINT -94.293 26.7496 -426.726 0.907888 -0.197513 -0.369769 0.134725 0.972731 -0.188797 0.396975 0.121589 0.90974 11 12
WAYPOINT 28.1559 24.7978 -502.122 0.944222 0.121619 -0.30603 -0.141599 0.988952 -0.0438693 0.297313 0.0847558 0.951011 12 13
WAYPOINT 116.993 39.2649 -590.636 0.310211 0.0905489 -0.946346 -0.251339 0.967845 0.0102175 0.916842 0.234684 0.322994 13 14
WAYPOINT 117.884 56.5161 -724.177 -0.502702 0.0729391 -0.861377 -0.136116 0.977326 0.162195 0.853676 0.198783 -0.481376 14 15
WAYPOINT 41.2607 64.1035 -794.02 -0.78784 0.102371 -0.607313 -0.0129628 0.983114 0.182533 0.615744 0.151679 -0.77321 15 16
WAYPOINT -74.7291 71.4847 -807.231 -0.972298 0.0453141 0.229311 0.0716221 0.991596 0.107735 -0.222502 0.121174 -0.967373 16 17
WAYPOINT -198.35 84.1408 -719.898 -0.377854 0.0449044 0.924777 0.131902 0.991246 0.0057617 -0.916423 0.124157 -0.380469 17 18
WAYPOINT -205.268 87.642 -639.8 0.279106 0.00497156 0.960248 0.162823 0.985261 -0.0524275 -0.946356 0.170983 0.274183 18 19
WAYPOINT -182.979 91.2888 -573.097 0.513369 0.0299619 0.857646 0.136533 0.983809 -0.116095 -0.847238 0.176696 0.500966 19 20
WAYPOINT -143.232 95.1144 -519.6 0.682457 0.0607825 0.728395 0.0824093 0.983784 -0.159306 -0.726266 0.168746 0.666381 20 21
WAYPOINT -85.3426 101.105 -485.523 0.996886 0.00883072 0.0783571 0.0181782 0.941207 -0.337342 -0.0767293 0.337716 0.938116 21 22
WAYPOINT -5.35562 107.794 -483.595 0.995279 0.0840979 -0.0484504 -0.0920587 0.976112 -0.196801 0.0307425 0.200332 0.979246 22 23
WAYPOINT 62.0521 115.677 -512.965 0.662383 0.0450642 -0.747809 -0.230808 0.961911 -0.146475 0.712725 0.269623 0.647555 23 24
WAYPOINT 110.499 124.748 -577.42 0.485487 0.110354 -0.867252 -0.269993 0.962435 -0.028677 0.831509 0.248074 0.497044 24 25
WAYPOINT 132.999 137.723 -680.222 -0.162849 0.0750422 -0.983794 -0.174207 0.979251 0.103533 0.97115 0.188244 -0.146397 25 26
WAYPOINT 50.6958 149.589 -788.573 -0.852043 0.0938911 -0.514983 -0.00734756 0.981541 0.19111 0.52342 0.166618 -0.835626 26 27
WAYPOINT -10.3538 154.357 -814.482 -0.956861 0.0606719 -0.28414 0.0191948 0.989018 0.146543 0.289911 0.134768 -0.947518 27 28
WAYPOINT -81.5639 159.962 -815.196 -0.99356 0.0712531 0.0880946 0.0788945 0.99312 0.0865396 -0.0813222 0.0929325 -0.992345 28 29
WAYPOINT -147.838 165.256 -789.206 -0.675651 0.0349537 0.736391 0.142497 0.98623 0.0839305 -0.723318 0.161641 -0.671328 29 30
WAYPOINT -193.807 170.307 -693.207 -0.280628 0.0417923 0.958906 0.134282 0.990935 -0.00388982 -0.950377 0.127673 -0.283697 30 31
WAYPOINT -200.658 173.835 -629.896 0.0874073 0.03853 0.995427 0.142188 0.988538 -0.0507487 -0.985973 0.145973 0.080927 31 32
WAYPOINT -189.803 178.772 -569.683 0.302026 0.0638098 0.951162 0.125246 0.986453 -0.105947 -0.945036 0.151128 0.289942 32 33
WAYPOINT -150.714 182.028 -518.282 0.77516 0.0317674 0.630966 0.0927123 0.982202 -0.163351 -0.624925 0.185121 0.758418 33 34
WAYPOINT -74.9656 190.492 -478.005 0.958236 0.0915414 0.270932 -0.0333368 0.976681 -0.212091 -0.28403 0.194201 0.938943 34 35
WAYPOINT -5.81903 194.827 -484.53 0.955939 0.050833 -0.289131 -0.114807 0.971189 -0.208833 0.270185 0.232826 0.934233 35 36
WAYPOINT 74.7126 203.299 -539.504 0.807919 0.270157 -0.523719 -0.300743 0.9533 0.0278109 0.506775 0.135036 0.851437 36 37
WAYPOINT 148.401 226.751 -651.729 -0.479497 0.043395 -0.876471 -0.30471 0.928399 0.212666 0.822943 0.369042 -0.431942 37 38
WAYPOINT 114.407 231.745 -724.694 -0.487117 0.0857822 -0.869115 -0.141053 0.974371 0.175228 0.861872 0.207948 -0.462532 38 39
WAYPOINT 59.1027 236.251 -775.905 -0.718596 0.126217 -0.683879 -0.015132 0.980321 0.196829 0.695264 0.151789 -0.702545 39 40
WAYPOINT 21.9634 240.692 -802.538 -0.851046 0.0729119 -0.520004 -0.000561203 0.990186 0.139757 0.52509 0.119231 -0.842653 40 41
WAYPOINT -16.7353 243.676 -815.682 -0.976824 0.037339 -0.210761 0.0102064 0.991672 0.128383 0.2138 0.123257 -0.96907 41 42
WAYPOINT -69.6092 247.808 -817.782 -0.989055 0.0439593 0.140846 0.0592608 0.992561 0.106356 -0.135123 0.113539 -0.984302 42 43
WAYPOINT -132.677 252.588 -794.322 -0.835559 0.0436161 0.547666 0.0935633 0.993579 0.0636183 -0.541375 0.104398 -0.834275 43 44
WAYPOINT -172.671 256.055 -755.064 -0.606149 0.051751 0.793666 0.121707 0.992164 0.0282579 -0.785984 0.113723 -0.607698 44 45
WAYPOINT -204.844 261.137 -688.723 -0.194507 0.0392478 0.980116 0.143125 0.989641 -0.0112258 -0.970403 0.138095 -0.19811 45 46
WAYPOINT -198.464 263.494 -616.856 0.269754 0.0118662 0.962857 0.135629 0.989488 -0.0501923 -0.95333 0.14413 0.265309 46 47
WAYPOINT -166.044 269.725 -533.335 0.535297 0.0449584 0.843467 0.102153 0.987807 -0.117483 -0.838465 0.149051 0.524177 47 48
WAYPOINT -73.2994 275.501 -486.464 0.96893 0.0731505 0.23627 -0.0475588 0.99254 -0.11226 -0.242719 0.0975352 0.965181 48 49
WAYPOINT 39.7599 282.768 -469.092 0.972241 0.145645 0.183128 -0.159376 0.985233 0.0625657 -0.171312 -0.090015 0.981096 49 50
WAYPOINT 97.321 284.693 -440.725 0.869537 0.0248913 0.493241 -0.193721 0.935879 0.294283 -0.454288 -0.351441 0.818603 50 51
WAYPOINT 124.883 283.075 -421.334 0.78599 -0.0677343 0.614517 -0.196837 0.914838 0.352599 -0.586067 -0.398099 0.705721 51 52
WAYPOINT 164.893 276.854 -375.266 0.683831 -0.0849113 0.724683 -0.0990647 0.973204 0.207511 -0.722884 -0.213693 0.657095 52 53
WAYPOINT 190.583 271.74 -339.301 0.505655 -0.137158 0.851764 -0.0910018 0.973295 0.210752 -0.857924 -0.18408 0.479669 53 54
WAYPOINT 214.427 264.996 -297.252 0.492868 -0.141086 0.85859 -0.0911739 0.97296 0.212218 -0.865315 -0.182876 0.466677 54 55
WAYPOINT 250.493 250.257 -212.597 0.187734 -0.189703 0.963728 -0.105256 0.971637 0.211764 -0.976565 -0.141193 0.162442 55 56
WAYPOINT 259.826 228.556 -109.716 -0.0414891 -0.208757 0.977088 -0.165837 0.965803 0.199305 -0.985281 -0.153769 -0.07469 56 57
WAYPOINT 225.288 205.063 -19.6729 -0.51031 -0.240956 0.825546 -0.252835 0.959559 0.123782 -0.821986 -0.145559 -0.550595 57 58
WAYPOINT 150.325 176.746 46.1572 -0.858943 -0.264399 0.438536 -0.263237 0.962556 0.0647452 -0.439234 -0.0598266 -0.89638 58 59
WAYPOINT 78.2082 152.426 80.7781 -0.893647 -0.160744 0.418997 -0.267808 0.940198 -0.21049 -0.360105 -0.300314 -0.883254 59 60
WAYPOINT 20.5868 149.522 98.2157 -0.968189 -0.168961 -0.184568 -0.0491347 0.851615 -0.521859 0.245355 -0.496189 -0.832827 60 61
WAYPOINT -58.1768 139.748 73.4976 -0.87572 -0.081912 -0.475823 0.0764815 0.949527 -0.304218 0.476726 -0.302801 -0.825256 61 62
WAYPOINT -109.634 137.231 34.2118 -0.656771 -0.0462646 -0.752671 0.170811 0.963047 -0.208243 0.734492 -0.265332 -0.624599 62 63
WAYPOINT -143.492 134.699 -23.746 -0.398261 -0.0546314 -0.915645 0.209689 0.96637 -0.148862 0.892985 -0.251286 -0.373412 63 64
WAYPOINT -144.321 130.779 -77.2716 0.203925 -0.0992778 -0.97394 0.233206 0.971133 -0.0501627 0.950806 -0.216899 0.22119 64 65
WAYPOINT -123.312 126.797 -120.641 0.653571 -0.124125 -0.746618 0.221167 0.974725 0.0315567 0.72383 -0.185752 0.664505 65 66
WAYPOINT -84.6033 120.885 -159.791 0.778314 -0.104373 -0.619139 0.187653 0.979685 0.070744 0.599177 -0.171244 0.782088 66 67
WAYPOINT -39.2003 118.013 -185.542 0.938132 -0.0593092 -0.341161 0.109816 0.985324 0.130682 0.328403 -0.160062 0.930877 67 68
WAYPOINT 29.4021 110.146 -186.291 0.958882 -0.15159 0.239928 0.0984189 0.970551 0.219874 -0.266194 -0.18722 0.945563 68 69
WAYPOINT 99.0839 100.352 -156.463 0.758155 -0.153668 0.633709 -0.0537184 0.953813 0.295558 -0.649858 -0.258121 0.714884 69 70
WAYPOINT 120.692 96.5289 -133.524 0.617764 -0.0950383 0.7806 -0.115997 0.970797 0.209995 -0.777761 -0.220274 0.5887 70 71
WAYPOINT 142.86 90.7996 -92.7365 0.420047 -0.087715 0.903254 -0.184897 0.966169 0.179809 -0.888467 -0.242538 0.389618 71 72
WAYPOINT 149.423 75.6495 -25.7222 -0.012776 -0.253359 0.967288 -0.343151 0.90973 0.233751 -0.939194 -0.32894 -0.0985633 72 73
WAYPOINT 135.84 63.1832 10.3883 -0.431106 -0.185282 0.883074 -0.350397 0.936257 0.0253821 -0.831487 -0.298484 -0.468549 73 74
WAYPOINT 34.2142 25.7014 59.9752 -0.686605 -0.371558 -0.624917 -0.209442 0.924191 -0.319382 0.696212 -0.0884052 -0.712374 74 75
WAYPOINT 6.24539 0.375621 1.00008 0.728891 -0.0215204 -0.684292 0.0719816 0.996375 0.0453379 0.680836 -0.0823028 0.727798 75 76
