MusicIndex:|2
Skybox:|20|21|23|22|24|25
PhysXModel:|2
RC:|2|7
%
WAYPOINT -4.22316 0.435108 46.4086 0.00527036 -6.5724e-006 -0.999986 2.71529e-005 1 -6.42939e-006 0.999986 -2.71187e-005 0.00527036 0 1
WAYPOINT -3.82654 0.435061 -27.4842 0.00543534 -0.0103027 -0.999932 5.87101e-005 0.999947 -0.0103026 0.999985 -2.70805e-006 0.00543563 1 2
WAYPOINT -6.92577 0.43508 -145.846 -0.0968265 -0.0076052 -0.995276 -0.000360578 0.999971 -0.00760602 0.995305 -0.000377566 -0.0968264 2 3
WAYPOINT -19.8078 0.434591 -239.957 -0.348946 -0.00104372 -0.937147 -0.0339993 0.999355 0.0115465 0.936531 0.0358913 -0.348757 3 4
WAYPOINT -61.5827 0.43455 -281.743 -0.915773 4.97354e-005 -0.40171 -0.013604 0.999423 0.0311365 0.40148 0.0339786 -0.915244 4 5
WAYPOINT -113.089 0.435016 -289.341 -0.995732 -0.00637965 -0.0921341 -0.00539088 0.999925 -0.0109768 0.0921973 -0.0104332 -0.995692 5 6
WAYPOINT -258.512 0.435092 -303.48 -0.996675 -0.0063326 -0.0813201 -0.00630876 0.99998 -0.000550133 0.081322 -3.52724e-005 -0.996695 6 7
WAYPOINT -463.83 0.435096 -316.8 -0.999717 -0.00573268 -0.0234396 -0.00573119 0.999984 -0.000130546 0.02344 3.8284e-006 -0.999733 7 8
WAYPOINT -669.247 0.435097 -320.616 -0.999988 -0.00542868 -0.00329704 -0.00542878 0.999985 2.26294e-005 0.00329687 4.05278e-005 -1 8 9
WAYPOINT -864.447 0.435097 -328.146 -0.999991 -0.00526334 -0.00255189 -0.00526444 0.999986 0.000425401 0.00254961 0.000438828 -1 9 10
WAYPOINT -1014.56 30.3604 -251.618 -0.7799 0.235577 0.579891 0.257119 0.965268 -0.0463357 -0.570666 0.112964 -0.813385 10 11
WAYPOINT -1087.13 54.4974 -121.508 0.0292451 0.0318096 0.99907 0.234505 0.97138 -0.0377937 -0.971679 0.235391 0.0209486 11 12
WAYPOINT -1036.09 63.3407 1.18363 0.63975 0.0881726 0.763511 0.177436 0.949619 -0.258341 -0.747823 0.300748 0.591874 12 13
WAYPOINT -921.968 78.7414 49.2426 0.989256 0.134955 0.0562064 -0.133072 0.990452 -0.0360182 -0.0605306 0.0281518 0.997769 13 14
WAYPOINT -700.68 110.245 58.0833 0.990752 0.133306 0.0252916 -0.132346 0.990533 -0.0364524 -0.0299114 0.0327681 0.999015 14 15
WAYPOINT -465.593 117.635 54.0563 0.999474 0.0161905 -0.0280877 -0.0179124 0.997904 -0.0621761 0.0270222 0.0626465 0.99767 15 16
WAYPOINT -152.671 121.147 32.3889 0.998055 0.00222892 -0.0622925 -0.00625904 0.997893 -0.0645772 0.0620173 0.0648415 0.995967 16 17
WAYPOINT 30.2882 124.654 48.3624 0.850761 0.0699182 0.520883 -0.0401689 0.996863 -0.0682011 -0.524017 0.0370997 0.8509 17 18
WAYPOINT 68.1976 129.632 108.028 0.109469 0.0875397 0.990132 -0.0663748 0.994535 -0.0805907 -0.991776 -0.056897 0.114681 18 19
WAYPOINT 31.1962 132.427 159.534 -0.806856 0.00196481 0.590762 -0.0668861 0.993261 -0.0946552 -0.586966 -0.115886 -0.801287 19 20
WAYPOINT -99.3791 135.341 243.633 -0.858305 0.0190374 0.512805 0.0473808 0.997983 0.0422536 -0.510966 0.0605631 -0.857476 20 21
WAYPOINT -216.845 137.994 297.62 -0.930906 0.00269585 0.365274 0.0273835 0.997674 0.0624235 -0.364257 0.0681122 -0.928814 21 22
WAYPOINT -369.024 139.366 359.608 -0.886573 -0.00302454 0.462596 0.029981 0.997501 0.0639808 -0.461633 0.0705922 -0.884266 22 23
WAYPOINT -459.311 143.701 463.094 -0.232109 0.0575768 0.97099 0.214935 0.976607 -0.00653215 -0.948651 0.207183 -0.239055 23 24
WAYPOINT -453.737 146.519 553.061 0.317141 0.0230686 0.948101 0.0550435 0.997571 -0.0426848 -0.946783 0.0657238 0.315101 24 25
WAYPOINT -398.318 149.101 654.895 0.634935 -0.0268828 0.7721 0.0769191 0.996628 -0.0285541 -0.768729 0.077519 0.634862 25 26
WAYPOINT -306.473 146.852 720.148 0.903544 0.0837435 0.420235 -0.0282998 0.990238 -0.136486 -0.427562 0.111429 0.897093 26 27
WAYPOINT -170.022 163.011 747.632 0.989299 0.0959939 0.109879 -0.0784582 0.984939 -0.154075 -0.123015 0.143805 0.981931 27 28
WAYPOINT -82.4958 171.002 709.085 0.621778 0.093742 -0.777566 -0.696766 0.519577 -0.494532 0.357649 0.849269 0.388376 28 29
WAYPOINT -16.7013 93.8961 539.826 0.133216 -0.207267 -0.969176 -0.278639 0.930612 -0.237322 0.951116 0.301665 0.0662199 29 30
WAYPOINT 3.60587 57.5163 364.479 -0.0623059 -0.197128 -0.978401 -0.0454578 0.979844 -0.194525 0.997026 0.0323567 -0.0700111 30 31
WAYPOINT -0.0180748 28.3041 233.462 -0.151547 -0.221198 -0.963388 0.000570736 0.97462 -0.223868 0.988456 -0.0344748 -0.147574 31 32
PICKUP_SPAWN 0.838272 -1.1522 -16.8519 -0.142102 0.00240355 -0.989849 0 0
PICKUP_SPAWN -9.20513 -1.09501 -15.1689 -0.695153 0.0144182 -0.718719 1 0
PICKUP_SPAWN -3.67723 -1.16787 -15.8106 0.134275 0.0520581 -0.989576 2 0
