MusicIndex:|2
Skybox:|20|21|22|23|24|25
PhysXModel:|18
RC:|18|7
RC:|19|58
%
WAYPOINT 10.1791 2.73401 -242.522 0.027378 0.0554141 -0.998087 -0.361603 0.931395 0.0417928 0.931929 0.359767 0.0455377 0 1
WAYPOINT -82.7819 2.464 -335.164 -0.965301 0.0396918 -0.258093 -0.0624312 0.924636 0.375699 0.253555 0.378777 -0.890074 1 2
WAYPOINT -333.747 1.20797 -332.263 -0.999674 0.00100525 -0.0253533 -0.00663524 0.954087 0.299456 0.0244903 0.299527 -0.953769 2 3
WAYPOINT -537.756 1.28829 -334.11 -0.999662 0.00113046 -0.0258158 -0.00901348 0.921041 0.38936 0.0242176 0.389463 -0.92072 3 4
WAYPOINT -722.051 0.894897 -338.356 -0.998052 -0.00338991 -0.0622254 -0.00335998 0.999994 -0.000585728 0.0622271 -0.000375514 -0.998058 4 5
WAYPOINT -883.784 0.893302 -333.77 -0.984665 -0.00273944 0.174402 -0.00235621 0.999994 0.0024044 -0.174408 0.00195661 -0.984666 5 6
WAYPOINT -1028.73 32.5832 -288.459 -0.866914 0.241003 0.436311 0.211286 0.970486 -0.116251 -0.451451 -0.00859365 -0.892249 6 7
WAYPOINT -1125.44 62.8895 -154.241 -0.55377 0.170158 0.815093 0.243025 0.969305 -0.037239 -0.79641 0.177467 -0.578125 7 8
WAYPOINT -1093.43 68.8878 -13.3493 0.467303 0.112509 0.876907 0.199606 0.952833 -0.22862 -0.861268 0.281871 0.422804 8 9
WAYPOINT -961.228 75.0784 76.8188 0.870498 0.132187 0.474088 -0.101365 0.990759 -0.0901252 -0.48162 0.0303974 0.875852 9 10
WAYPOINT -702.768 111.65 87.3257 0.990685 0.132395 0.0318417 -0.131157 0.990623 -0.0382521 -0.0366075 0.0337195 0.998761 10 11
WAYPOINT -425.817 132.615 50.6141 0.9987 0.0498749 -0.0105479 -0.0504378 0.996777 -0.0623869 0.00740235 0.0628378 0.997996 11 12
WAYPOINT -182.181 142.441 35.3466 0.994539 0.0316838 -0.0994442 -0.0383037 0.997125 -0.0653816 0.0970867 0.0688336 0.992893 12 13
WAYPOINT 38.8321 152.578 31.6281 0.948252 0.0902092 0.304435 -0.070674 0.994705 -0.0746129 -0.309554 0.0492362 0.949606 13 14
WAYPOINT 95.0722 160.243 93.1375 0.531468 0.0726021 0.843959 -0.114186 0.993367 -0.0135488 -0.839345 -0.0891677 0.536233 14 15
WAYPOINT -96.0096 157.086 212.541 -0.933767 -0.0301729 0.356591 -0.00868393 0.998056 0.0617105 -0.35776 0.054527 -0.932214 15 16
WAYPOINT -371.834 159.608 351.632 -0.851185 0.0242946 0.524293 0.0447855 0.998647 0.0264343 -0.522941 0.0459814 -0.851121 16 17
WAYPOINT -464.352 155.917 455.392 -0.497851 0.100954 0.861362 0.361234 0.927083 0.100131 -0.788446 0.361005 -0.498017 17 18
WAYPOINT -414.882 136.683 630.188 0.439314 -0.0387256 0.897498 0.0571344 0.998252 0.0151064 -0.896515 0.0446416 0.440759 18 19
WAYPOINT -259.24 128.611 773.099 0.808146 -0.0302224 0.588206 0.0229753 0.99954 0.0197909 -0.588534 -0.00247977 0.808469 19 20
WAYPOINT -154.702 158.564 838.206 0.951756 0.303245 0.0469367 -0.292102 0.942194 -0.164157 -0.0940032 0.142527 0.985317 20 21
WAYPOINT -44.3129 173.011 815.45 0.918682 0.0232935 -0.394311 -0.134522 0.957035 -0.256879 0.371386 0.289034 0.882344 21 22
WAYPOINT 54.0114 164.062 767.187 0.882632 -0.023669 -0.469468 -0.118166 0.955488 -0.270333 0.454969 0.29408 0.840547 22 23
WAYPOINT 135.451 143.503 695.795 0.548801 -0.272365 -0.790339 -0.098536 0.917767 -0.384701 0.830126 0.289001 0.476833 23 24
WAYPOINT 107.594 100.471 567.209 -0.698884 -0.221052 -0.680218 -0.260304 0.964432 -0.0459655 0.666185 0.144939 -0.731567 24 25
WAYPOINT 36.6998 79.9005 477.097 -0.500253 -0.138615 -0.854712 -0.0816427 0.990256 -0.112813 0.862022 0.0133459 -0.506695 25 26
WAYPOINT -5.58052 51.7729 336.782 -0.294018 -0.20695 -0.933127 -0.0124832 0.977026 -0.212752 0.955719 -0.0509045 -0.289847 26 27
WAYPOINT -0.93691 13.2159 163.431 -0.0238325 -0.216418 -0.97601 0.00653284 0.976233 -0.216627 0.999695 -0.0115388 -0.0218523 27 28
PICKUP_SPAWN 33.5225 0.893307 -169.175 0.0 0.0 0.0 0 0
PICKUP_SPAWN 15.0819 0.893307 -171.183 0.0 0.0 0.0 1 0
PICKUP_SPAWN -3.22714 0.893307 -174.921 0.0 0.0 0.0 2 0
PICKUP_SPAWN -584.352 0.893303 -279.292 0.0 0.0 0.0 0 0
PICKUP_SPAWN -584.186 0.893304 -308.777 0.0 0.0 0.0 1 0
PICKUP_SPAWN -584.029 2.71202 -337.533 0.0 0.0 0.0 2 0
PICKUP_SPAWN -583.984 9.92262 -352.951 0.0 0.0 0.0 0 0
PICKUP_SPAWN -922.778 3.04524 -315.582 0.0 0.0 0.0 1 0
PICKUP_SPAWN -996.896 26.0852 -240.252 0.0 0.0 0.0 2 0
PICKUP_SPAWN -1017.77 30.128 -287.677 0.0 0.0 0.0 0 0
PICKUP_SPAWN -321.052 136.101 27.0581 0.0 0.0 0.0 1 0
PICKUP_SPAWN -313.533 137.247 39.3727 0.0 0.0 0.0 2 0
PICKUP_SPAWN -308.531 138.724 58.3022 0.0 0.0 0.0 0 0
PICKUP_SPAWN 10.0853 160.099 147.243 0.0 0.0 0.0 1 0
PICKUP_SPAWN 19.4154 159.235 162.756 0.0 0.0 0.0 2 0
PICKUP_SPAWN 28.1565 160.478 177.91 0.0 0.0 0.0 0 0
PICKUP_SPAWN -274.505 130.058 729.192 0.0 0.0 0.0 1 0
PICKUP_SPAWN -294.605 130.651 751.004 0.0 0.0 0.0 2 0
PICKUP_SPAWN -224.132 140.044 790.589 0.0 0.0 0.0 0 0
PICKUP_SPAWN -223.409 136.571 774.028 0.0 0.0 0.0 1 0
PICKUP_SPAWN -222.213 142.62 798.279 0.0 0.0 0.0 2 0
PICKUP_SPAWN 37.346 63.0986 373.149 0.0 0.0 0.0 0 0
PICKUP_SPAWN 12.6137 64.4315 388.76 0.0 0.0 0.0 1 0
PICKUP_SPAWN -23.5944 68.7514 412.182 0.0 0.0 0.0 2 0