MusicIndex:|2
Skybox:|20|21|22|23|24|25
PhysXModel:|23
RC:|23|7
%
WAYPOINT 0.122543 -1.2678 -72.4575 0.0811646 -0.00605456 -0.996682 0.000573674 0.999982 -0.00602789 0.9967 -8.25201e-005 0.0811666 0 1
WAYPOINT -19.9396 3.24774 -372.209 -0.288328 0.00916942 -0.957486 0.0114324 0.999916 0.00613308 0.957462 -0.00917803 -0.288409 1 2
WAYPOINT -29.7083 5.07621 -532.892 -0.0483074 0.00553879 -0.998817 0.150366 0.988629 -0.00179019 0.987449 -0.150275 -0.0485909 2 3
WAYPOINT 32.3843 10.9058 -682.935 0.766717 0.0262921 -0.641447 0.10515 0.980525 0.165875 0.633316 -0.194627 0.74902 3 4
WAYPOINT 189.253 24.888 -731.721 0.98824 0.136349 -0.0692192 -0.125953 0.98251 0.137146 0.0867084 -0.126815 0.988129 4 5
WAYPOINT 377.878 25.6142 -753.337 0.95608 0.0236559 -0.29215 0.0161394 0.990977 0.133058 0.292662 -0.131929 0.947071 5 6
WAYPOINT 521.876 35.971 -841.787 0.54677 0.107977 -0.830291 0.0158283 0.990139 0.139188 0.837133 -0.0892459 0.53967 6 7
WAYPOINT 488.755 64.7045 -1037.46 -0.663176 0.114476 -0.739659 0.0107267 0.989587 0.143539 0.748388 0.0872573 -0.657498 7 8
WAYPOINT 301.425 74.0269 -1084.29 -0.99899 -0.0140717 0.0427247 -0.0141703 0.999898 -0.00200765 -0.0426921 -0.00261104 -0.999087 8 9
WAYPOINT 116.376 74.0056 -1042.75 -0.923578 -0.00304569 0.383403 -0.00272667 0.999995 0.00137554 -0.383405 0.000225001 -0.923582 9 10
WAYPOINT 13.5556 74.0052 -1024.57 -0.95912 -0.000220419 -0.283006 0.00771727 0.999607 -0.0269327 0.282901 -0.0280157 -0.958741 10 11
WAYPOINT -84.2028 74.0056 -1152.19 -0.376246 -0.00315188 -0.926516 -0.000921314 0.999995 -0.00302771 0.926521 -0.000285548 -0.376247 11 12
WAYPOINT -136.542 85.7505 -1307.16 -0.318901 0.0992346 -0.942581 0.303313 0.952888 -0.00229903 0.897946 -0.28663 -0.333977 12 13
WAYPOINT -215.171 111.236 -1385.6 -0.826192 0.264498 -0.497446 0.304732 0.952438 0.000304151 0.473867 -0.151336 -0.867497 13 14
WAYPOINT -300.378 138.807 -1403.78 -0.952093 0.304666 0.0264725 0.304798 0.952416 0.0010247 -0.0249006 0.00904437 -0.999651 14 15
WAYPOINT -390.482 167.914 -1357.54 -0.667873 0.214039 0.712837 0.319984 0.947298 0.0153597 -0.671982 0.238355 -0.701164 15 16
WAYPOINT -444.752 185.392 -1253.57 -0.120287 0.0351944 0.992116 0.306439 0.951884 0.00338605 -0.944261 0.30443 -0.125284 16 17
WAYPOINT -404.836 171.281 -983.281 0.166748 -0.0794427 0.982795 0.231813 0.971969 0.0392362 -0.958363 0.221282 0.18049 17 18
WAYPOINT -355.609 148.532 -730.1 0.181559 -0.0912092 0.979142 0.192123 0.979792 0.055645 -0.964431 0.178013 0.195413 18 19
WAYPOINT -342.571 140.829 -634.634 -0.308871 0.011758 0.951032 0.145274 0.988774 0.0349565 -0.939945 0.148957 -0.307112 19 20
WAYPOINT -527.503 170.745 -505.461 -0.980904 0.193629 0.0184984 0.194422 0.978881 0.0631802 -0.00587424 0.0655699 -0.997834 20 21
WAYPOINT -625.582 189.597 -500.931 -0.960621 0.171863 0.218349 0.19309 0.977934 0.0797598 -0.199823 0.11878 -0.972608 21 22
WAYPOINT -742.133 206.401 -409.064 -0.46291 0.0295126 0.885916 0.189128 0.97972 0.0661854 -0.865996 0.198189 -0.459103 22 23
WAYPOINT -738.586 198.818 -303.229 0.706522 -0.182043 0.683877 0.199418 0.978402 0.0544224 -0.679014 0.0979264 0.727565 23 24
WAYPOINT -530.911 141.831 -240.297 0.9605 -0.271097 0.0628236 0.271646 0.962397 -0.000212677 -0.0604036 0.0172701 0.998025 24 25
WAYPOINT -400.984 105.712 -229.783 0.954188 -0.267605 0.133839 0.269747 0.962929 0.00220221 -0.129467 0.0340014 0.991001 25 26
WAYPOINT -285.209 73.558 -148.637 0.664213 -0.186512 0.723903 0.265273 0.96416 0.00501388 -0.698893 0.188701 0.689884 26 27
WAYPOINT -254.814 65.1691 -17.4766 -0.0898705 0.023437 0.995679 0.265633 0.964074 0.00128269 -0.959878 0.2646 -0.0928675 27 28
WAYPOINT -320.945 83.6087 88.5583 -0.776213 0.213615 0.593184 0.265056 0.964233 -0.000396546 -0.572053 0.156919 -0.80507 28 29
WAYPOINT -425.635 112.742 135.515 -0.953485 0.262292 0.148581 0.265152 0.964207 -0.000580309 -0.143415 0.038843 -0.988903 29 30
WAYPOINT -566.966 156.521 145.15 -0.952004 0.304576 0.0304696 0.304737 0.952436 0.000664407 -0.028818 0.00991771 -0.999538 30 31
WAYPOINT -666.985 188.835 194.797 -0.71465 0.227095 0.661594 0.304707 0.952444 0.00221204 -0.629629 0.203173 -0.749861 31 32
WAYPOINT -726.341 207.953 303.281 -0.242053 0.0740615 0.967434 0.307656 0.951489 0.00413435 -0.920197 0.298637 -0.253096 32 33
WAYPOINT -716.425 204.685 389.336 0.245492 -0.0833419 0.965811 0.307148 0.951653 0.00404828 -0.919454 0.295653 0.259222 33 34
WAYPOINT -680.707 193.083 458.847 0.754417 -0.244722 0.60907 0.311709 0.950168 -0.0043207 -0.577662 0.193112 0.793105 34 35
WAYPOINT -480.389 128.26 510.329 0.948377 -0.309478 0.0693196 0.310171 0.950681 0.000811353 -0.0661519 0.0207314 0.997594 35 36
WAYPOINT -210.993 55.5976 499.781 0.974407 -0.208313 -0.0844827 0.182088 0.951813 -0.24677 0.131817 0.225071 0.965384 36 37
PICKUP_SPAWN 0.838272 -1.1522 -16.8519 -0.142102 0.00240355 -0.989849 0 0
PICKUP_SPAWN -9.20513 -1.09501 -15.1689 -0.695153 0.0144182 -0.718719 1 0
PICKUP_SPAWN -3.67723 -1.16787 -15.8106 0.134275 0.0520581 -0.989576 2 0