MusicIndex:|2
Skybox:|20|21|22|23|24|25
PhysXModel:|16
RC:|16|7
RC:|29|116
RC:|28|7
%
WAYPOINT -4.41852 8.15846 -43.7859 -0.00259684 0.261405 -0.965226 0.00590123 0.965216 0.261386 0.99998 -0.0050174 -0.00404914 0 1
WAYPOINT -4.27228 18.9852 -78.8162 0.00386723 0.306718 -0.951793 0.0428256 0.950876 0.306596 0.999076 -0.0419471 -0.00945815 1 2
WAYPOINT -4.0705 33.7839 -121.817 -0.00300529 0.303787 -0.952736 0.00749628 0.95272 0.303758 0.999968 -0.00622933 -0.0051405 2 3
WAYPOINT -4.13332 50.5024 -172.561 -0.0132925 0.313026 -0.949652 0.00207224 0.949742 0.313027 0.99991 0.0021928 -0.0132731 3 4
WAYPOINT -16.6115 62.6682 -212.811 -0.440559 0.249315 -0.86241 -0.0287576 0.95625 0.291134 0.897264 0.153062 -0.414115 4 5
WAYPOINT -48.1349 66.0176 -253.603 -0.74444 0.0382708 -0.666593 -0.0643486 0.989596 0.128679 0.664583 0.138688 -0.734232 5 6
WAYPOINT -100.883 66.3745 -279.786 -0.976824 0.000109496 -0.214046 3.71643e-005 1 0.000341948 0.214046 0.000326068 -0.976824 6 7
WAYPOINT -148.381 66.3765 -290.09 -0.973709 7.51345e-005 -0.227801 0.000622712 0.999997 -0.00233189 0.2278 -0.00241243 -0.973706 7 8
WAYPOINT -197.915 66.3164 -303.011 -0.963102 -0.00496214 -0.269096 0.0023373 0.999638 -0.0267986 0.269132 -0.0264387 -0.962741 8 9
WAYPOINT -226.158 67.2342 -325.486 -0.528528 0.0859774 -0.844551 0.214812 0.976026 -0.0350698 0.821288 -0.199955 -0.534326 9 10
WAYPOINT -234.416 67.686 -349.901 0.0365233 0.0149909 -0.999221 0.261155 0.964998 0.0240233 0.964606 -0.261828 0.0313299 10 11
WAYPOINT -227.237 65.8937 -364.173 0.77898 -0.170138 -0.603526 0.225764 0.974037 0.0168103 0.584997 -0.14935 0.797166 11 12
WAYPOINT -223.699 64.9584 -365.853 0.865286 -0.224386 -0.448253 0.259075 0.965713 0.0166889 0.429139 -0.130572 0.893751 12 13
WAYPOINT -199.946 57.6778 -375.912 0.879538 -0.273142 -0.389623 0.319346 0.945874 0.0577992 0.352747 -0.175261 0.919159 13 14
WAYPOINT -161.662 49.2145 -392.868 0.88524 -0.202498 -0.418742 0.181452 0.979276 -0.0899662 0.428282 0.00366013 0.903638 14 15
WAYPOINT -109.456 31.805 -417.417 0.87045 -0.279592 -0.405148 0.240957 0.959703 -0.144602 0.429251 0.0282453 0.902743 15 16
WAYPOINT -34.0037 22.832 -455.093 0.898128 -0.00696497 -0.439679 -0.0547992 0.990307 -0.127625 0.436306 0.138718 0.889041 16 17
WAYPOINT 31.0127 25.9344 -490.981 0.806652 0.0960945 -0.583163 -0.154579 0.986651 -0.0512379 0.570454 0.131476 0.810738 17 18
WAYPOINT 87.4021 31.3912 -534.708 0.567216 0.173776 -0.805027 -0.335762 0.941356 -0.0333713 0.752017 0.289226 0.592299 18 19
WAYPOINT 112.918 38.3503 -593.4 0.399399 0.111326 -0.909993 -0.216752 0.975925 0.0242583 0.890786 0.187554 0.413914 19 20
WAYPOINT 123.819 43.9616 -633.309 0.154361 0.0879999 -0.984088 -0.201177 0.977959 0.0558959 0.967316 0.189348 0.168662 20 21
WAYPOINT 126.651 49.4925 -671.466 -0.0857759 0.120521 -0.988998 -0.19839 0.970712 0.135499 0.976363 0.207829 -0.0593536 21 22
WAYPOINT 120.358 55.0387 -713.938 -0.189 0.151303 -0.970251 -0.142777 0.973324 0.179594 0.971542 0.172473 -0.162355 22 23
WAYPOINT 104.217 59.3595 -751.455 -0.486743 0.108642 -0.866763 -0.091511 0.980435 0.17428 0.868739 0.164148 -0.467278 23 24
WAYPOINT 82.3218 62.3522 -780.846 -0.714676 0.0313102 -0.698755 -0.0824658 0.988258 0.128627 0.694578 0.14955 -0.703703 24 25
WAYPOINT 44.6876 66.1609 -807.502 -0.88006 0.0483152 -0.4724 -0.0222673 0.989517 0.142687 0.474342 0.136092 -0.869759 25 26
WAYPOINT -6.45271 68.9113 -821.091 -0.986202 0.0351134 -0.161785 0.0138742 0.99134 0.130585 0.164969 0.126538 -0.978148 26 27
WAYPOINT -68.3919 72.8754 -824.578 -0.998681 0.0508648 0.00706658 0.0513213 0.993419 0.102399 -0.00181157 0.102627 -0.994719 27 28
WAYPOINT -126.784 78.017 -818.121 -0.97693 0.055731 0.206165 0.0722075 0.994695 0.073273 -0.200987 0.0864691 -0.975771 28 29
WAYPOINT -178.885 81.7975 -780.406 -0.612735 0.0294293 0.789742 0.121167 0.99099 0.0570807 -0.780946 0.130666 -0.61078 29 30
WAYPOINT -208.98 85.6117 -733.607 -0.352296 0.0441208 0.934849 0.144369 0.989494 0.00770508 -0.924688 0.137677 -0.354964 30 31
WAYPOINT -226.626 88.6637 -681.141 -0.128069 0.0330145 0.991216 0.154505 0.987907 -0.0129418 -0.979657 0.15149 -0.131621 31 32
WAYPOINT -229.855 92.2615 -616.18 0.141321 0.0364131 0.989294 0.150959 0.986844 -0.0578874 -0.978387 0.157523 0.133964 32 33
WAYPOINT -213.856 96.669 -558.525 0.438044 0.0486531 0.897636 0.121855 0.986104 -0.112913 -0.890657 0.158842 0.426028 33 34
WAYPOINT -146.24 102.92 -481.023 0.777188 0.0690858 0.625465 0.0564803 0.982285 -0.178679 -0.626729 0.174194 0.759518 34 35
WAYPOINT -67.9019 107.541 -457.055 0.99373 0.0363164 0.105745 -0.01341 0.977665 -0.209743 -0.111 0.20701 0.972021 35 36
WAYPOINT 13.062 115.317 -454.496 0.996649 0.0698314 -0.0426046 -0.0769241 0.97723 -0.197746 0.0278257 0.20036 0.979327 36 37
WAYPOINT 95.7062 124.538 -502.203 0.710589 0.0725527 -0.699857 -0.238843 0.960481 -0.142935 0.661829 0.268724 0.699836 37 38
WAYPOINT 130.445 129.93 -549.667 0.546231 0.105672 -0.830942 -0.23172 0.97236 -0.0286673 0.804946 0.208205 0.55562 38 39
WAYPOINT 157.474 136.07 -610.854 0.208721 0.064857 -0.975823 -0.194282 0.980661 0.0236231 0.958484 0.184654 0.217285 39 40
WAYPOINT 154.897 141.229 -678.068 -0.14529 0.0559157 -0.987808 -0.171055 0.981947 0.0807431 0.974491 0.1807 -0.133102 40 41
WAYPOINT 120.932 144.754 -738.841 -0.600031 0.0161149 -0.799815 -0.125352 0.985553 0.113898 0.790096 0.168601 -0.589342 41 42
WAYPOINT 72.5378 150.374 -792.565 -0.873184 0.0489622 -0.484926 -0.068166 0.972894 0.220975 0.482602 0.226007 -0.846178 42 43
WAYPOINT 3.65396 156.308 -829.021 -0.922689 0.0678411 -0.379532 0.00620443 0.986883 0.161321 0.385497 0.146494 -0.911007 43 44
WAYPOINT -78.7044 161.837 -840.29 -0.998709 0.0479982 0.0166624 0.0494957 0.993162 0.105732 -0.0114735 0.10642 -0.994256 44 45
WAYPOINT -135.246 164.821 -813.186 -0.848839 0.0273911 0.527944 0.0801866 0.993773 0.077366 -0.522537 0.108005 -0.845749 45 46
WAYPOINT -187.728 169.312 -770.355 -0.645905 0.0678773 0.760395 0.135921 0.99035 0.0270511 -0.751222 0.120826 -0.648899 46 47
WAYPOINT -222.675 173.954 -713.925 -0.42274 0.0565559 0.904486 0.134544 0.990907 0.000923726 -0.896209 0.122084 -0.426505 47 48
WAYPOINT -233.74 176.972 -654.407 0.11278 0.0245724 0.993317 0.153059 0.987333 -0.0418027 -0.981761 0.156751 0.10759 48 49
WAYPOINT -224.024 179.98 -595.03 0.271785 0.0494694 0.961087 0.137141 0.986495 -0.0895593 -0.952537 0.156145 0.26133 49 50
WAYPOINT -193.613 184.298 -533.071 0.622454 0.0369011 0.781787 0.116881 0.983304 -0.139474 -0.77388 0.178192 0.607748 50 51
WAYPOINT -145.257 187.692 -488.912 0.852135 0.045807 0.521314 0.060341 0.980917 -0.184825 -0.519832 0.188952 0.83311 51 52
WAYPOINT -85.7385 193.321 -460.736 0.949003 0.0941552 0.300879 -0.0318994 0.978141 -0.20548 -0.313649 0.185403 0.931263 52 53
WAYPOINT -25.812 198.469 -454.517 0.97075 0.0479282 -0.235259 -0.101665 0.969746 -0.221938 0.217504 0.239364 0.946254 53 54
WAYPOINT 32.0098 201.784 -472.121 0.876651 0.0510533 -0.478411 -0.169788 0.963207 -0.208336 0.450173 0.263866 0.853065 54 55
WAYPOINT 81.6403 206.105 -510.256 0.696531 0.0550388 -0.715413 -0.272397 0.942694 -0.192684 0.663811 0.329087 0.671609 55 56
WAYPOINT 122.036 217.307 -563.604 0.528845 0.141018 -0.836922 -0.293538 0.955634 -0.0244644 0.796342 0.258606 0.546776 56 57
WAYPOINT 139.957 222.335 -627.024 0.0815282 0.0482927 -0.995502 -0.192787 0.980726 0.0317871 0.977849 0.189328 0.089267 57 58
WAYPOINT 142.404 230.345 -697.724 -0.00586573 0.114866 -0.993365 -0.145491 0.982712 0.114493 0.989344 0.145197 0.0109476 58 59
WAYPOINT 109.49 237.985 -764.235 -0.80339 0.0312384 -0.594639 -0.154054 0.953719 0.258238 0.575186 0.299071 -0.761396 59 60
WAYPOINT 47.5697 242.206 -810.336 -0.793518 0.0613886 -0.605446 -0.0277808 0.990207 0.136812 0.607916 0.125382 -0.784042 60 61
WAYPOINT -19.0886 245.594 -831.17 -0.994114 0.0111788 -0.107781 -0.00239955 0.992149 0.125036 0.108332 0.124558 -0.986283 61 62
WAYPOINT -94.2969 251.252 -827.038 -0.955069 0.0524964 0.291701 0.0869203 0.990525 0.106327 -0.283355 0.126905 -0.950583 62 63
WAYPOINT -157.124 255.459 -790.035 -0.7369 0.0445577 0.674534 0.107415 0.992866 0.05176 -0.667416 0.110597 -0.736429 63 64
WAYPOINT -198.751 259.744 -726.733 -0.337968 0.0364635 0.940452 0.132345 0.991162 0.00913077 -0.931807 0.12755 -0.339807 64 65
WAYPOINT -218.764 263.4 -663.938 -0.192695 0.0538186 0.979783 0.137219 0.990162 -0.0274019 -0.971618 0.129164 -0.198185 65 66
WAYPOINT -218.086 268.022 -598.415 0.447898 0.0316938 0.893523 0.174008 0.977172 -0.121886 -0.876989 0.210072 0.432159 66 67
WAYPOINT -192.836 269.978 -548.534 0.45056 0.0541217 0.891105 0.0877731 0.990639 -0.104547 -0.888422 0.12532 0.441592 67 68
WAYPOINT -160.339 272.21 -509.6 0.790354 0.0118683 0.612535 0.0800442 0.989242 -0.122449 -0.607399 0.145808 0.780902 68 69
WAYPOINT -111.553 273.605 -485.005 0.952136 0.038692 0.303217 -0.00326929 0.993189 -0.11647 -0.305658 0.109904 0.945777 69 70
WAYPOINT -62.9949 274.959 -478.848 0.988215 -0.000930623 -0.153068 -0.0121483 0.99635 -0.0844878 0.152588 0.0853516 0.984597 70 71
WAYPOINT 9.80577 278.171 -477.72 0.995926 0.0578923 0.0691406 -0.0599271 0.997818 0.0277258 -0.0673846 -0.0317562 0.997222 71 72
WAYPOINT 58.4822 285.912 -473.833 0.984581 0.158162 0.0747384 -0.164299 0.98277 0.0846742 -0.0600584 -0.095648 0.993602 72 73
WAYPOINT 94.5863 289.598 -463.107 0.825818 0.0534223 0.561402 -0.18288 0.967073 0.176989 -0.533461 -0.24883 0.808396 73 74
WAYPOINT 129.824 289.091 -434.94 0.787989 -0.0271077 0.615093 -0.209339 0.927715 0.309068 -0.579009 -0.372305 0.725354 74 75
WAYPOINT 172.246 282.641 -394.708 0.615631 -0.154108 0.77282 -0.153433 0.938482 0.309369 -0.772954 -0.309034 0.554113 75 76
WAYPOINT 192.068 275.868 -359.563 0.376246 -0.169258 0.91093 -0.0906615 0.971728 0.218002 -0.922075 -0.164609 0.350264 76 77
WAYPOINT 220.476 267.499 -306.241 0.527147 -0.132345 0.839407 -0.0905964 0.973415 0.210369 -0.844933 -0.186943 0.501143 77 78
WAYPOINT 252.159 257.027 -243.318 0.276823 -0.175729 0.944718 -0.107593 0.971286 0.212199 -0.954881 -0.160387 0.249967 78 79
WAYPOINT 263.747 242.904 -174.479 0.0725009 -0.213656 0.974218 -0.0923915 0.971147 0.219859 -0.993083 -0.10595 0.050669 79 80
WAYPOINT 267.75 228.861 -104.434 0.0654181 -0.185963 0.98038 -0.163812 0.967151 0.194385 -0.984323 -0.173314 0.0328062 80 81
WAYPOINT 264.782 217.632 -36.4686 -0.154635 -0.167656 0.973647 -0.247889 0.960555 0.126033 -0.956372 -0.221867 -0.190095 81 82
WAYPOINT 245.226 209.942 -1.54015 -0.622385 -0.214953 0.752624 -0.28578 0.957574 0.0371633 -0.728682 -0.191955 -0.65741 82 83
WAYPOINT 194.416 189.605 40.6275 -0.835278 -0.292933 0.465312 -0.261245 0.956075 0.132934 -0.483814 -0.0105237 -0.875115 83 84
WAYPOINT 149.898 175.255 64.9405 -0.845177 -0.26752 0.462735 -0.262543 0.961878 0.076563 -0.465577 -0.0567788 -0.883193 84 85
WAYPOINT 111.324 162.448 84.8099 -0.863916 -0.225573 0.450312 -0.297265 0.950122 -0.0943536 -0.406568 -0.215374 -0.88788 85 86
WAYPOINT 50.9318 154.838 99.5379 -0.980732 0.0256321 0.193709 -0.0425847 0.939491 -0.339918 -0.190701 -0.341615 -0.920298 86 87
WAYPOINT -11.4446 148.096 102.82 -0.892464 -0.141035 -0.428523 0.043438 0.918599 -0.392796 0.449039 -0.369168 -0.813691 87 88
WAYPOINT -72.0779 141.071 72.0708 -0.889776 -0.0624285 -0.452124 0.0733937 0.958139 -0.276736 0.450474 -0.279414 -0.847948 88 89
WAYPOINT -116.13 138.64 36.2061 -0.665568 -0.0441764 -0.745037 0.175613 0.96095 -0.21386 0.72539 -0.273175 -0.63182 89 90
WAYPOINT -146.646 136.297 -17.989 -0.323763 -0.0696041 -0.943579 0.213364 0.96623 -0.144485 0.921771 -0.248104 -0.297978 90 91
WAYPOINT -150.317 132.095 -79.9062 0.224609 -0.110812 -0.96813 0.254781 0.965631 -0.0514157 0.940554 -0.235112 0.245122 91 92
WAYPOINT -124.553 128.05 -144.621 0.614401 -0.104541 -0.782039 0.221691 0.974126 0.0439507 0.75721 -0.200374 0.62168 92 93
WAYPOINT -74.1028 121.831 -183.52 0.859345 -0.0973572 -0.502044 0.163476 0.982498 0.0892939 0.484564 -0.158806 0.86022 93 94
WAYPOINT -21.7628 119.313 -210.439 0.929238 -0.0584263 -0.364833 0.123681 0.979641 0.158133 0.348167 -0.192066 0.917546 94 95
WAYPOINT 53.4766 112.11 -200.061 0.961062 -0.0518237 0.271431 -0.00341694 0.979953 0.199199 -0.276313 -0.19237 0.941618 95 96
WAYPOINT 129.27 104.983 -168.24 0.678014 -0.143766 0.720854 -0.100414 0.953377 0.284586 -0.72816 -0.265337 0.631967 96 97
WAYPOINT 157.189 100.103 -124.708 0.168867 -0.151363 0.97395 -0.163503 0.970146 0.179122 -0.971986 -0.189491 0.139078 97 98
WAYPOINT 167.328 88.8347 -59.7534 0.133994 -0.143728 0.980506 -0.239876 0.955298 0.172815 -0.961514 -0.258356 0.093527 98 99
WAYPOINT 148.459 72.368 -5.80987 -0.366542 -0.26579 0.891634 -0.332752 0.932391 0.141151 -0.868868 -0.244955 -0.430202 99 100
WAYPOINT 118.729 56.7408 45.9241 -0.776568 -0.189394 0.600901 -0.395511 0.888952 -0.230947 -0.490433 -0.417007 -0.765239 100 101
WAYPOINT 77.764 42.0631 71.4155 -0.976409 -0.21423 0.0272522 -0.209615 0.909795 -0.358238 0.0519512 -0.355497 -0.933239 101 102
WAYPOINT 18.5282 23.9563 65.7618 -0.784712 -0.356529 -0.507074 -0.159413 0.906593 -0.39074 0.59902 -0.225782 -0.76825 102 103
WAYPOINT -7.05622 0.704972 12.6472 0.653905 -0.0603611 -0.754166 0.154555 0.986449 0.0550563 0.740623 -0.152561 0.654373 103 104
WAYPOINT 8.07817 3.57334 -29.2161 -0.54566 0.221956 -0.808084 -0.0672383 0.949582 0.306225 0.83531 0.221428 -0.503225 104 105
