MusicIndex:|2
Skybox:|20|21|23|22|24|25
PhysXModel:|18
RC:|18|7
RC:|19|58
%
WAYPOINT -4.6749 1.83622 12.8757 -0.435522 0.597589 -0.673206 0.0463972 0.761768 0.646187 0.898981 0.250194 -0.359493 0 1
WAYPOINT -3.60036 0.89316 -34.5038 0.0061649 -0.00717859 -0.999955 0.000116262 0.999974 -0.00717801 0.999981 -7.20044e-005 0.00616561 1 2
WAYPOINT -3.4385 0.893293 -82.2483 0.0061529 -0.00553954 -0.999966 4.56051e-005 0.999985 -0.00553936 0.999982 -1.15172e-005 0.00615308 2 3
WAYPOINT -3.1406 0.893296 -144.389 0.00615516 -0.00466422 -0.999969 3.31609e-005 0.999989 -0.00466411 0.999979 -4.45917e-006 0.00615522 3 4
WAYPOINT -2.8769 0.893297 -194.73 0.00615604 -0.00427688 -0.999969 2.90862e-005 0.999991 -0.00427678 0.999979 -2.76802e-006 0.00615612 4 5
WAYPOINT -5.69731 0.893004 -261.305 -0.30946 -0.000799793 -0.950908 -0.024767 0.999667 0.00721935 0.950586 0.0257853 -0.309377 5 6
WAYPOINT -47.9877 0.893241 -294.201 -0.951135 -0.00156941 -0.308754 -0.00520449 0.999927 0.0109501 0.308714 0.012022 -0.951073 6 7
WAYPOINT -94.5321 0.893288 -303.387 -0.994982 -0.00348359 -0.0999509 -0.00398099 0.999981 0.0047774 0.0999324 0.00515135 -0.994976 7 8
WAYPOINT -168.239 0.893299 -305.413 -0.999988 -0.00371711 0.000479187 -0.00371706 0.999993 0.000112821 -0.000479603 0.000111039 -0.999995 8 9
WAYPOINT -241.147 0.893267 -306.858 -0.990721 -0.00249892 -0.135847 -0.00116968 0.999951 -0.00986371 0.135865 -0.00961334 -0.990675 9 10
WAYPOINT -313.846 0.8933 -315.097 -0.994704 -0.00338911 -0.102662 -0.00337394 0.999994 -0.000321452 0.102662 2.66241e-005 -0.99471 10 11
WAYPOINT -397.418 0.893301 -323.409 -0.99577 -0.00329148 -0.0917634 -0.00328205 0.999995 -0.00025363 0.0917637 4.86148e-005 -0.995775 11 12
WAYPOINT -473.411 0.8933 -328.822 -0.999753 -0.00308021 -0.0217481 -0.00310628 0.999995 0.00116534 0.0217444 0.00123261 -0.999758 12 13
WAYPOINT -553.413 0.893287 -330.571 -0.99936 -0.00287004 0.035514 -0.00266197 0.999979 0.00590455 -0.0355302 0.00580626 -0.999347 13 14
WAYPOINT -630.474 0.89329 -328.516 -0.999985 -0.00287096 0.00331596 -0.00288765 0.999983 -0.00504047 -0.00330144 -0.00505 -0.999977 14 15
WAYPOINT -716.039 0.893301 -328.418 -0.999982 -0.0029869 -0.00401518 -0.00298659 0.999996 -8.38479e-005 0.00401541 -7.18551e-005 -0.999986 15 16
WAYPOINT -806.755 0.893297 -328.557 -0.99999 -0.00280343 -0.000643268 -0.00280343 0.999996 2.15794e-006 0.00064326 3.96129e-006 -0.999994 16 17
WAYPOINT -893.973 0.893271 -327.478 -0.995352 -0.00259148 0.0962125 -0.00177696 0.999962 0.00855045 -0.096231 0.00833979 -0.995318 17 18
WAYPOINT -967.885 16.5018 -305.852 -0.893945 0.251683 0.370818 0.252827 0.966398 -0.046414 -0.370039 0.0522611 -0.927539 18 19
WAYPOINT -1048.98 39.1133 -267.671 -0.803611 0.22944 0.54914 0.250281 0.967429 -0.0379453 -0.53996 0.106946 -0.834862 19 20
WAYPOINT -1099.77 53.7512 -218.091 -0.444558 0.147653 0.883491 0.257339 0.965794 -0.0319177 -0.857983 0.213168 -0.467348 20 21
WAYPOINT -1108.99 59.2957 -144.38 0.164716 0.0017144 0.986336 0.249091 0.967513 -0.0432784 -0.954367 0.252817 0.158938 21 22
WAYPOINT -1088.08 57.304 -73.9689 0.319492 -0.039269 0.946772 0.238495 0.97031 -0.0402351 -0.917082 0.238656 0.319371 22 23
WAYPOINT -1059.03 65.7148 -8.66911 0.466782 0.158541 0.870043 0.184167 0.944806 -0.270969 -0.864981 0.286717 0.411821 23 24
WAYPOINT -1009.33 69.4612 46.4961 0.909709 0.0170137 0.414897 0.0229054 0.995583 -0.091048 -0.414614 0.0923305 0.905301 24 25
WAYPOINT -937.85 77.3376 62.4385 0.990746 0.133181 0.0261855 -0.130779 0.988301 -0.0784663 -0.0363295 0.0743156 0.996573 25 26
WAYPOINT -863.267 88.2048 64.21 0.989723 0.140506 0.0265818 -0.138264 0.987711 -0.0728632 -0.0364929 0.068439 0.996988 26 27
WAYPOINT -786.896 99.0504 65.7362 0.990231 0.136107 0.0302841 -0.134955 0.990149 -0.0373199 -0.0350653 0.0328683 0.998844 27 28
WAYPOINT -705.618 110.413 67.6538 0.990325 0.135424 0.0302677 -0.134269 0.990238 -0.0374104 -0.0350385 0.0329845 0.998842 28 29
WAYPOINT -626.356 115.062 69.1419 0.999957 0.00891856 0.00245688 -0.00872793 0.997581 -0.0689633 -0.00306599 0.0689389 0.997616 29 30
WAYPOINT -541.267 116.631 60.0614 0.992943 0.0136759 -0.117802 -0.0211857 0.997805 -0.0627349 0.116685 0.0647879 0.991053 30 31
WAYPOINT -460.859 117.991 50.6129 0.997498 0.0169751 -0.0686296 -0.0209697 0.998101 -0.0579107 0.0675162 0.059205 0.99596 31 32
WAYPOINT -378.659 119.61 44.7056 0.998967 0.0186378 -0.0414316 -0.0211787 0.997866 -0.0617583 0.0401922 0.062572 0.997231 32 33
WAYPOINT -291.761 120.458 40.2761 0.999098 0.00760698 -0.0417883 -0.010318 0.997829 -0.0650476 0.0412027 0.0654201 0.997007 33 34
WAYPOINT -200.154 121.252 35.6561 0.999084 0.00918115 -0.0418058 -0.0118889 0.997815 -0.0649888 0.0411177 0.0654263 0.99701 34 35
WAYPOINT -115.936 121.987 31.5071 0.999622 0.0103114 -0.0254763 -0.011904 0.997932 -0.0631716 0.0247723 0.063451 0.997678 35 36
WAYPOINT -44.4474 122.719 29.0619 0.999664 0.0112212 -0.0233743 -0.0130179 0.996854 -0.078189 0.0224234 0.078467 0.996664 36 37
WAYPOINT 29.3308 125.208 41.0763 0.825548 0.0622938 0.560882 -0.117955 0.990983 0.0635523 -0.551866 -0.118625 0.825452 37 38
WAYPOINT 63.6806 128.122 81.821 0.25737 0.0800996 0.962984 -0.0395108 0.996597 -0.0723356 -0.965501 -0.0194317 0.259659 38 39
WAYPOINT 61.9634 131.654 130.747 -0.446312 0.0683676 0.892254 -0.0640328 0.992082 -0.108046 -0.892575 -0.105357 -0.4384 39 40
WAYPOINT 24.9874 132.867 163.047 -0.794506 0.0111024 0.607138 -0.0642031 0.992693 -0.10217 -0.603836 -0.120156 -0.787988 40 41
WAYPOINT -40.2853 133.951 196.906 -0.895169 0.0135123 0.4455 0.043937 0.997347 0.0580357 -0.443534 0.0715263 -0.893388 41 42
WAYPOINT -88.915 135.046 217.556 -0.920882 0.0166827 0.389456 0.0447619 0.997001 0.0631346 -0.387235 0.0755731 -0.918867 42 43
WAYPOINT -135.975 136.054 238.019 -0.921402 0.0161858 0.388244 0.0399752 0.997779 0.0532752 -0.38652 0.0646087 -0.920003 43 44
WAYPOINT -203.024 138.375 267.348 -0.912291 0.0438203 0.407161 0.0584584 0.998011 0.0235744 -0.405318 0.0453091 -0.913039 44 45
WAYPOINT -257.823 142.395 292.32 -0.911377 0.0630779 0.406679 0.0752217 0.99707 0.0139253 -0.404609 0.0432827 -0.913451 45 46
WAYPOINT -319.526 146.947 320.486 -0.909862 0.0636311 0.409974 0.075924 0.997019 0.0137565 -0.407876 0.0436438 -0.91198 46 47
WAYPOINT -379.171 151.315 350.051 -0.859428 0.0587763 0.507843 0.0780987 0.996804 0.0168018 -0.505233 0.0541023 -0.861271 47 48
WAYPOINT -427.862 155.021 390.845 -0.511734 0.0354313 0.858401 0.102637 0.994515 0.0201388 -0.852979 0.0984105 -0.512564 48 49
WAYPOINT -452.594 156.132 448.952 -0.275105 -0.00203631 0.961403 0.151276 0.987449 0.04538 -0.949429 0.157923 -0.271344 49 50
WAYPOINT -452.511 157.043 512.695 0.162645 -0.0111324 0.986616 0.162112 0.986649 -0.0155905 -0.97327 0.162479 0.162278 50 51
WAYPOINT -439.263 159.401 581.514 0.226803 0.0385048 0.973174 0.0489291 0.997506 -0.0508701 -0.972705 0.0591541 0.224354 51 52
WAYPOINT -409.664 161.416 656.036 0.573331 -0.0119845 0.819233 0.101784 0.993189 -0.0567024 -0.812973 0.115894 0.570646 52 53
WAYPOINT -362.618 163.959 706.566 0.737292 0.0779957 0.671054 -0.0126601 0.994734 -0.101706 -0.675453 0.0664913 0.734397 53 54
WAYPOINT -312.165 169.887 745.094 0.855041 0.0893145 0.51081 -0.0326175 0.992368 -0.118915 -0.517532 0.085016 0.851429 54 55
WAYPOINT -244.598 183.657 781.05 0.925846 0.155369 0.344483 -0.0971087 0.978778 -0.180455 -0.365209 0.133621 0.921285 55 56
WAYPOINT -52.9505 158.4 847.707 0.931229 0.315482 0.182435 -0.274005 0.936167 -0.220254 -0.240276 0.155119 0.95823 56 57
WAYPOINT 39.1831 173.404 840.829 0.753558 -0.00119015 -0.657378 -0.199042 0.952646 -0.229887 0.626522 0.304079 0.717637 57 58
WAYPOINT 86.2378 157.945 774.448 0.142406 -0.270615 -0.952091 -0.351352 0.885439 -0.304218 0.925344 0.377842 0.0310104 58 59
WAYPOINT 97.7076 131.859 694.971 0.115306 -0.33865 -0.933814 -0.214688 0.909375 -0.356293 0.969846 0.24156 0.0321528 59 60
WAYPOINT 91.6761 98.9565 600.53 -0.383387 -0.211394 -0.899059 -0.129462 0.976143 -0.174309 0.914458 0.0495652 -0.401609 60 61
WAYPOINT 52.631 85.4631 510.61 -0.337964 -0.112492 -0.934402 -0.0948718 0.991846 -0.0850924 0.936355 0.0598901 -0.345881 61 62
WAYPOINT 24.5355 71.686 416.75 -0.214228 -0.131507 -0.967882 -0.086752 0.989541 -0.115247 0.972915 0.0592762 -0.223396 62 63
WAYPOINT 0.982413 40.7398 287.43 -0.0988117 -0.226048 -0.969084 0.0164661 0.973353 -0.228721 0.994963 -0.0385591 -0.0924563 63 64
WAYPOINT -1.72846 19.1745 189.975 0.0281627 -0.219507 -0.975198 0.00227408 0.975603 -0.219531 0.999594 0.0039635 0.0279749 64 65
WAYPOINT 0.768869 0.78787 75.2866 0.0259518 0.0106849 -0.9996 0.00078594 0.999942 0.0107089 0.999656 -0.00106348 0.0259419 65 66

PICKUP_SPAWN 1 -1 -16 0 0
PICKUP_SPAWN -9 -1 -16 1 0
PICKUP_SPAWN -4 -1 -16 2 0

PICKUP_SPAWN -450 5 -340 1 0
PICKUP_SPAWN -450 1 -327 2 0
PICKUP_SPAWN -450 1 -315 3 0

PICKUP_SPAWN -75 124.096 52.5137 0 0
PICKUP_SPAWN -75 123.232 40.8748 1 0
PICKUP_SPAWN -75 121.916 23.3098 2 0