loc: 0.648171 0.83301 -3.39832
ori0: 0.0631142 0.034873 0.997397
ori1: -0.388902 0.921248 -0.00760123
ori2: -0.919114 -0.38741 0.071706
spd: 1.65182
brk0: 0
brk1: 0

loc: 2.32309 0.387022 -26.9136
ori0: 0.0736178 0.00959525 0.99724
ori1: -0.127863 0.991792 -0.000103788
ori2: -0.989056 -0.127503 0.0742404
spd: 38.0998
brk0: 0
brk1: 0

loc: 7.83703 0.413632 -101.592
ori0: 0.0742146 0.00261111 0.997239
ori1: -0.035008 0.999387 -1.14422e-005
ori2: -0.996627 -0.0349105 0.0742605
spd: 53.3897
brk0: 0
brk1: 0

loc: 0.368206 1.04874 -2.18383
ori0: 0.00504977 0.00879362 0.999949
ori1: -0.483079 0.875561 -0.0052601
ori2: -0.875562 -0.483028 0.00866936
spd: 0.320564
brk0: 0
brk1: 0

loc: -4.56534 0.414273 -60.6734
ori0: -0.117649 -0.00930702 0.993011
ori1: -0.0579734 0.998315 0.00248816
ori2: -0.991361 -0.0572756 -0.11799
spd: 43.7831
brk0: 0
brk1: 0

loc: 0.0507145 0.398891 -128.15
ori0: 0.273015 0.0529874 0.960549
ori1: -0.0365391 0.998333 -0.0446862
ori2: -0.961315 -0.0228976 0.274496
spd: 53.3319
brk0: 0
brk1: 0

loc: -58.5797 0.607161 -293.727
ori0: -0.999871 -0.0040706 0.0154704
ori1: 0.00176574 0.93309 0.359638
ori2: -0.0158992 0.359619 -0.932962
spd: 61.9628
brk0: 0
brk1: 0

loc: -0.316317 0.59663 -2.97706
ori0: -0.0502052 0.00859061 0.998702
ori1: -0.252228 0.96744 -0.0210014
ori2: -0.966364 -0.252955 -0.0464037
spd: 0.264049
brk0: 0
brk1: 0

loc: -0.314936 0.596061 -2.98002
ori0: -0.0498906 0.0107238 0.998697
ori1: -0.250685 0.967798 -0.0229152
ori2: -0.966782 -0.251501 -0.0455957
spd: 0.216896
brk0: 0
brk1: 0

loc: -0.311982 0.595699 -2.98346
ori0: -0.0490478 0.012686 0.998715
ori1: -0.24939 0.968092 -0.0245449
ori2: -0.96716 -0.250274 -0.0443191
spd: 0.23278
brk0: 0
brk1: 0

loc: -0.315103 0.595083 -2.98927
ori0: -0.048294 0.0116307 0.998765
ori1: -0.24873 0.968292 -0.0233029
ori2: -0.967368 -0.249548 -0.0438698
spd: 0.226948
brk0: 0
brk1: 0

loc: -0.314852 0.592762 -2.99961
ori0: -0.0479699 0.0115717 0.998781
ori1: -0.249003 0.968225 -0.023177
ori2: -0.967314 -0.249811 -0.0435643
spd: 0.279561
brk0: 0
brk1: 0

loc: -0.315842 0.59214 -3.00529
ori0: -0.0480486 0.0106952 0.998787
ori1: -0.247578 0.968612 -0.0222824
ori2: -0.967675 -0.248348 -0.0438925
spd: 0.272267
brk0: 0
brk1: 0

loc: -0.318483 0.593245 -3.00951
ori0: -0.0480758 0.00888004 0.998804
ori1: -0.246023 0.969048 -0.0204575
ori2: -0.968071 -0.246712 -0.044403
spd: 0.236632
brk0: 0
brk1: 0

loc: -0.317417 0.594291 -3.01116
ori0: -0.0478728 0.00865897 0.998815
ori1: -0.245313 0.969234 -0.0201604
ori2: -0.968261 -0.245987 -0.0442758
spd: 0.221246
brk0: 0
brk1: 0

loc: -0.313468 0.597483 -3.01101
ori0: -0.0472321 0.00729628 0.998857
ori1: -0.244462 0.96948 -0.0186415
ori2: -0.968507 -0.245063 -0.0440068
spd: 0.221009
brk0: 0
brk1: 0

loc: -0.316644 0.598052 -3.01207
ori0: -0.0468097 0.00371856 0.998896
ori1: -0.244105 0.969632 -0.0150489
ori2: -0.968618 -0.24454 -0.0444804
spd: 0.177516
brk0: 0
brk1: 0

loc: -0.31801 0.597257 -3.01239
ori0: -0.0468011 0.0012899 0.998903
ori1: -0.243606 0.969792 -0.012666
ori2: -0.968744 -0.243932 -0.045073
spd: 0.147053
brk0: 0
brk1: 0

loc: -0.318247 0.596784 -3.01219
ori0: -0.0468678 0.000377147 0.9989
ori1: -0.243376 0.96986 -0.0117854
ori2: -0.968798 -0.243661 -0.0453634
spd: 0.129019
brk0: 0
brk1: 0

loc: -0.32064 0.595867 -3.01123
ori0: -0.0464702 -0.00202007 0.998917
ori1: -0.243078 0.969962 -0.00934676
ori2: -0.968892 -0.243249 -0.0455653
spd: 0.114222
brk0: 0
brk1: 0

loc: -0.323751 0.594815 -3.01004
ori0: -0.046359 -0.00443828 0.998914
ori1: -0.242988 0.970004 -0.00696727
ori2: -0.96892 -0.243047 -0.0460469
spd: 0.099764
brk0: 0
brk1: 0

loc: -0.325887 0.593662 -3.00868
ori0: -0.0463816 -0.00610471 0.998904
ori1: -0.242943 0.970026 -0.00535244
ori2: -0.96893 -0.242926 -0.0464744
spd: 0.0807637
brk0: 0
brk1: 0

loc: -0.327666 0.592576 -3.00722
ori0: -0.0463977 -0.00717856 0.998896
ori1: -0.242866 0.97005 -0.00430982
ori2: -0.968949 -0.242798 -0.0467515
spd: 0.0625897
brk0: 0
brk1: 0

loc: -5.66682 0.522784 -170.044
ori0: -0.108901 0.145246 0.983382
ori1: -0.0244524 0.988577 -0.148721
ori2: -0.99375 -0.0402423 -0.104106
spd: 54.2439
brk0: 0
brk1: 0

loc: -5.95074 0.43051 -171.82
ori0: -0.10805 0.0996209 0.98914
ori1: -0.0212957 0.994506 -0.102488
ori2: -0.993916 -0.0321384 -0.105335
spd: 54.1851
brk0: 0
brk1: 0

loc: -6.21371 0.333631 -173.593
ori0: -0.107482 0.0559288 0.992631
ori1: -0.0178633 0.998147 -0.0581738
ori2: -0.994045 -0.0239844 -0.106284
spd: 54.0798
brk0: 0
brk1: 0

loc: -6.43119 0.287266 -175.368
ori0: -0.107426 0.0288423 0.993793
ori1: -0.013927 0.999437 -0.0305115
ori2: -0.994114 -0.0171184 -0.106964
spd: 53.922
brk0: 0
brk1: 0

loc: -6.52901 0.284284 -176.256
ori0: -0.107494 0.0196344 0.99401
ori1: -0.0122024 0.999704 -0.0210665
ori2: -0.994129 -0.0143939 -0.107223
spd: 53.8676
brk0: 0
brk1: 0

loc: -6.71528 0.307512 -178.032
ori0: -0.107673 0.00581833 0.994168
ori1: -0.00940278 0.999932 -0.00687044
ori2: -0.99414 -0.0100877 -0.107611
spd: 53.783
brk0: 0
brk1: 0

loc: -6.89292 0.351139 -179.808
ori0: -0.107862 -0.00286839 0.99416
ori1: -0.00736902 0.999971 0.00208563
ori2: -0.994137 -0.00710103 -0.10788
spd: 53.7002
brk0: 0
brk1: 0

loc: -7.0633 0.395666 -181.583
ori0: -0.108029 -0.00703308 0.994121
ori1: -0.00588789 0.999962 0.00643456
ori2: -0.994129 -0.00515816 -0.108067
spd: 53.6061
brk0: 0
brk1: 0

loc: -7.22821 0.428541 -183.356
ori0: -0.108168 -0.00787267 0.9941
ori1: -0.0047715 0.999961 0.00739988
ori2: -0.994119 -0.00394291 -0.108201
spd: 53.5071
brk0: 0
brk1: 0

loc: -7.30961 0.43887 -184.242
ori0: -0.108227 -0.00757916 0.994096
ori1: -0.00430842 0.999965 0.00715483
ori2: -0.994115 -0.00350863 -0.108256
spd: 53.4585
brk0: 0
brk1: 0

loc: -7.47266 0.447533 -186.013
ori0: -0.108328 -0.00663249 0.994092
ori1: -0.00351957 0.999974 0.00628819
ori2: -0.994107 -0.00281758 -0.108348
spd: 53.3652
brk0: 0
brk1: 0

loc: -7.6382 0.443709 -187.78
ori0: -0.108408 -0.00603173 0.994087
ori1: -0.00287122 0.999979 0.00575435
ori2: -0.994101 -0.00223042 -0.108423
spd: 53.2756
brk0: 0
brk1: 0

loc: -7.80685 0.43316 -189.544
ori0: -0.108468 -0.00591222 0.994081
ori1: -0.00233279 0.999981 0.00569276
ori2: -0.994096 -0.00170149 -0.10848
spd: 53.1867
brk0: 0
brk1: 0

loc: -7.89216 0.427125 -190.425
ori0: -0.108491 -0.0059352 0.994078
ori1: -0.00209891 0.999981 0.00574136
ori2: -0.994094 -0.00146358 -0.108502
spd: 53.1421
brk0: 0
brk1: 0

loc: -8.06419 0.416207 -192.185
ori0: -0.108525 -0.00594842 0.994074
ori1: -0.00169349 0.999982 0.00579887
ori2: -0.994091 -0.00105413 -0.108533
spd: 53.0524
brk0: 0
brk1: 0

loc: -8.23763 0.408846 -193.941
ori0: -0.108545 -0.0057757 0.994073
ori1: -0.00136192 0.999983 0.00566132
ori2: -0.994089 -0.000739331 -0.108551
spd: 52.9628
brk0: 0
brk1: 0

loc: -8.41212 0.405737 -195.695
ori0: -0.108554 -0.00537879 0.994074
ori1: -0.00109353 0.999985 0.00529135
ori2: -0.994088 -0.000512646 -0.108558
spd: 52.8737
brk0: 0
brk1: 0

loc: -8.58749 0.406137 -197.446
ori0: -0.108556 -0.00481231 0.994077
ori1: -0.000877856 0.999988 0.00474505
ori2: -0.994088 -0.000357546 -0.108559
spd: 52.7853
brk0: 0
brk1: 0

loc: -8.67548 0.407214 -198.321
ori0: -0.108555 -0.00449312 0.994078
ori1: -0.000786692 0.99999 0.00443392
ori2: -0.994088 -0.000300703 -0.108557
spd: 52.7411
brk0: 0
brk1: 0

loc: -8.85205 0.41016 -200.067
ori0: -0.108551 -0.00383825 0.994081
ori1: -0.000632255 0.999993 0.00379202
ori2: -0.994089 -0.00021688 -0.108553
spd: 52.6531
brk0: 0
brk1: 0

loc: -9.02935 0.413113 -201.811
ori0: -0.108546 -0.00321952 0.994084
ori1: -0.000508527 0.999995 0.00318313
ori2: -0.994089 -0.000159998 -0.108547
spd: 52.5651
brk0: 0
brk1: 0

loc: -9.20733 0.415252 -203.552
ori0: -0.10854 -0.0026808 0.994086
ori1: -0.000409221 0.999996 0.00265205
ori2: -0.99409 -0.000118942 -0.108541
spd: 52.4774
brk0: 0
brk1: 0

loc: -9.38591 0.416295 -205.289
ori0: -0.108536 -0.00223813 0.994088
ori1: -0.000329286 0.999997 0.00221548
ori2: -0.994091 -8.68769e-005 -0.108536
spd: 52.3898
brk0: 0
brk1: 0

loc: -9.47539 0.416433 -206.157
ori0: -0.108534 -0.00205212 0.994089
ori1: -0.000295331 0.999998 0.00203207
ori2: -0.994091 -7.30328e-005 -0.108534
spd: 52.3461
brk0: 0
brk1: 0

loc: -9.65467 0.416142 -207.89
ori0: -0.10853 -0.00174261 0.99409
ori1: -0.000237412 0.999999 0.00172705
ori2: -0.994091 -4.85685e-005 -0.108531
spd: 52.2588
brk0: 0
brk1: 0

loc: -9.83429 0.415424 -209.621
ori0: -0.108528 -0.00150204 0.99409
ori1: -0.000190589 0.999999 0.00149016
ori2: -0.994092 -2.77368e-005 -0.108528
spd: 52.1717
brk0: 0
brk1: 0

loc: -10.0142 0.414639 -211.348
ori0: -0.108525 -0.00131319 0.994091
ori1: -0.000152709 0.999999 0.00130432
ori2: -0.994092 -1.02531e-005 -0.108525
spd: 52.0847
brk0: 0
brk1: 0

loc: -10.1042 0.414303 -212.211
ori0: -0.108524 -0.00123351 0.994091
ori1: -0.000136612 0.999999 0.00122592
ori2: -0.994092 -2.7604e-006 -0.108524
spd: 52.0413
brk0: 0
brk1: 0

loc: -10.2843 0.413828 -213.934
ori0: -0.108523 -0.00109638 0.994092
ori1: -0.000109166 0.999999 0.00109097
ori2: -0.994092 9.8757e-006 -0.108523
spd: 51.9545
brk0: 0
brk1: 0

loc: -10.4645 0.413636 -215.654
ori0: -0.108521 -0.000981924 0.994092
ori1: -8.69911e-005 1 0.000978262
ori2: -0.994092 1.96864e-005 -0.108521
spd: 51.8679
brk0: 0
brk1: 0

loc: -10.6447 0.413673 -217.371
ori0: -0.10852 -0.000884449 0.994092
ori1: -6.90377e-005 1 0.000882167
ori2: -0.994092 2.71042e-005 -0.10852
spd: 51.7815
brk0: 0
brk1: 0

loc: -10.8249 0.413843 -219.086
ori0: -0.108519 -0.000800403 0.994092
ori1: -5.45524e-005 1 0.000799203
ori2: -0.994092 3.24997e-005 -0.108519
spd: 51.6952
brk0: 0
brk1: 0

loc: -10.915 0.413947 -219.942
ori0: -0.108518 -0.000762664 0.994092
ori1: -4.84485e-005 1 0.000761906
ori2: -0.994092 3.45196e-005 -0.108518
spd: 51.6521
brk0: 0
brk1: 0

loc: -11.0952 0.414142 -221.652
ori0: -0.108517 -0.000694728 0.994092
ori1: -3.8118e-005 1 0.000694694
ori2: -0.994093 3.74946e-005 -0.108517
spd: 51.566
brk0: 0
brk1: 0

loc: -11.2953 0.414229 -223.357
ori0: -0.110683 -0.00653083 0.993832
ori1: 6.78014e-005 0.999978 0.00657876
ori2: -0.993854 0.000795555 -0.110681
spd: 51.473
brk0: 0
brk1: 0

loc: -11.5539 0.413503 -225.047
ori0: -0.120518 -0.0273314 0.992333
ori1: 0.00104759 0.999617 0.0276592
ori2: -0.992709 0.00437306 -0.120444
spd: 51.3237
brk0: 0
brk1: 0

loc: -11.8822 0.414129 -226.712
ori0: -0.143028 -0.061506 0.987804
ori1: 0.00418716 0.998021 0.0627483
ori2: -0.989708 0.013111 -0.142488
spd: 51.0641
brk0: 0
brk1: 0

loc: -12.065 0.41658 -227.535
ori0: -0.157702 -0.0797729 0.984257
ori1: 0.00624857 0.996631 0.0817768
ori2: -0.987465 0.0190467 -0.156673
spd: 50.916
brk0: 0
brk1: 0

loc: -12.459 0.423388 -229.161
ori0: -0.190563 -0.113801 0.975055
ori1: 0.0106704 0.992959 0.117976
ori2: -0.981615 0.0328863 -0.188007
spd: 50.609
brk0: 0
brk1: 0

loc: -12.9033 0.421952 -230.757
ori0: -0.227198 -0.146268 0.9628
ori1: 0.0154211 0.987992 0.153734
ori2: -0.973725 0.0497757 -0.222214
spd: 50.266
brk0: 0
brk1: 0

loc: -13.4001 0.420976 -232.32
ori0: -0.266973 -0.17504 0.947672
ori1: 0.0203681 0.982122 0.187141
ori2: -0.963487 0.0692643 -0.258635
spd: 49.8997
brk0: 0
brk1: 0

loc: -13.9508 0.426591 -233.846
ori0: -0.308454 -0.198803 0.930231
ori1: 0.0252557 0.975861 0.216929
ori2: -0.950902 0.0904066 -0.295987
spd: 49.5241
brk0: 0
brk1: 0

loc: -14.2468 0.432826 -234.595
ori0: -0.329374 -0.208691 0.920846
ori1: 0.0275945 0.972724 0.230318
ori2: -0.943794 0.101272 -0.314631
spd: 49.3367
brk0: 0
brk1: 0

loc: -14.7734 0.462645 -236.132
ori0: -0.353224 -0.193626 0.91528
ori1: 0.0284014 0.975677 0.217364
ori2: -0.935106 0.102774 -0.339134
spd: 49.1773
brk0: 0
brk1: 0

loc: -15.2777 0.485365 -237.692
ori0: -0.359569 -0.16141 0.91905
ori1: 0.0265269 0.982759 0.182977
ori2: -0.932739 0.0901727 -0.349088
spd: 49.0917
brk0: 0
brk1: 0

loc: -15.7871 0.481517 -239.254
ori0: -0.359487 -0.12641 0.924546
ori1: 0.0238174 0.989216 0.144512
ori2: -0.932844 0.0739709 -0.3526
spd: 49.0194
brk0: 0
brk1: 0

loc: -16.2966 0.448494 -240.814
ori0: -0.358221 -0.0881729 0.929462
ori1: 0.0211306 0.99451 0.102487
ori2: -0.933395 0.0563535 -0.354392
spd: 48.9606
brk0: 0
brk1: 0

loc: -16.5504 0.421603 -241.592
ori0: -0.357522 -0.0675568 0.931456
ori1: 0.0198555 0.996605 0.0799031
ori2: -0.933691 0.0470619 -0.354967
spd: 48.9349
brk0: 0
brk1: 0

loc: -26.4429 0.413504 -267.092
ori0: -0.356344 0.00207684 0.93435
ori1: 0.000519339 0.999998 -0.00202469
ori2: -0.934352 -0.000236245 -0.356345
spd: 47.5217
brk0: 0
brk1: 0

loc: -27.0156 0.414973 -268.567
ori0: -0.356365 0.00174841 0.934343
ori1: 0.000419884 0.999998 -0.00171112
ori2: -0.934345 -0.000217468 -0.356365
spd: 47.4425
brk0: 0
brk1: 0

loc: -27.3013 0.415419 -269.304
ori0: -0.356372 0.00160876 0.934341
ori1: 0.00037768 0.999999 -0.00157776
ori2: -0.934342 -0.000209391 -0.356372
spd: 47.4029
brk0: 0
brk1: 0

loc: -27.8718 0.41576 -270.775
ori0: -0.356384 0.00137079 0.934336
ori1: 0.000305838 0.999999 -0.00135046
ori2: -0.934337 -0.000195531 -0.356384
spd: 47.3238
brk0: 0
brk1: 0

loc: -28.4408 0.415543 -272.245
ori0: -0.356395 0.00118161 0.934332
ori1: 0.000247823 0.999999 -0.00117012
ori2: -0.934333 -0.000185479 -0.356395
spd: 47.2449
brk0: 0
brk1: 0

loc: -29.0087 0.415038 -273.712
ori0: -0.356434 0.00095303 0.934318
ori1: 0.00020084 1 -0.000943407
ori2: -0.934318 -0.000148616 -0.356434
spd: 47.1662
brk0: 0
brk1: 0

loc: -29.5975 0.414439 -275.167
ori0: -0.359141 -0.00576377 0.933263
ori1: 0.000340898 0.99998 0.00630699
ori2: -0.933281 0.00258326 -0.359132
spd: 47.077
brk0: 0
brk1: 0

loc: -29.9138 0.413916 -275.883
ori0: -0.363418 -0.0154048 0.931497
ori1: 0.000812504 0.999858 0.0168523
ori2: -0.931624 0.0068813 -0.363353
spd: 47.0035
brk0: 0
brk1: 0

loc: -30.5688 0.412305 -277.296
ori0: -0.379612 -0.0362546 0.924432
ori1: 0.0028783 0.999181 0.040368
ori2: -0.925139 0.0179851 -0.379197
spd: 46.8095
brk0: 0
brk1: 0

loc: -31.6412 0.417586 -279.339
ori0: -0.420956 -0.0783976 0.903684
ori1: 0.00942991 0.995826 0.0907838
ori2: -0.907029 0.0467379 -0.41846
spd: 46.3665
brk0: 0
brk1: 0

loc: -32.397 0.423465 -280.657
ori0: -0.452818 -0.103928 0.885522
ori1: 0.014297 0.992209 0.12376
ori2: -0.891485 0.0687015 -0.447805
spd: 46.0455
brk0: 0
brk1: 0

loc: -33.1899 0.422146 -281.934
ori0: -0.487164 -0.126393 0.864113
ori1: 0.0193986 0.987661 0.155401
ori2: -0.873092 0.0924686 -0.478702
spd: 45.6932
brk0: 0
brk1: 0

loc: -34.0203 0.421282 -283.167
ori0: -0.523284 -0.144156 0.839874
ori1: 0.0245996 0.982621 0.183984
ori2: -0.8518 0.116937 -0.510644
spd: 45.3234
brk0: 0
brk1: 0

loc: -34.4499 0.422664 -283.765
ori0: -0.541629 -0.151167 0.826911
ori1: 0.0271687 0.980036 0.196955
ori2: -0.840176 0.129143 -0.526709
spd: 45.1352
brk0: 0
brk1: 0

loc: -35.3365 0.431171 -284.928
ori0: -0.578068 -0.160778 0.799989
ori1: 0.0320604 0.975164 0.21915
ori2: -0.815356 0.152332 -0.558557
spd: 44.7639
brk0: 0
brk1: 0

loc: -36.2602 0.447172 -286.044
ori0: -0.61336 -0.165475 0.772271
ori1: 0.0364656 0.970829 0.236982
ori2: -0.788958 0.173517 -0.589434
spd: 44.4027
brk0: 0
brk1: 0

loc: -37.2196 0.468799 -287.114
ori0: -0.64683 -0.166019 0.744341
ori1: 0.0402558 0.967224 0.250713
ori2: -0.761568 0.192133 -0.618946
spd: 44.0555
brk0: 0
brk1: 0

loc: -38.2126 0.492748 -288.138
ori0: -0.678105 -0.163322 0.716585
ori1: 0.0433848 0.964401 0.260859
ori2: -0.73368 0.207979 -0.64688
spd: 43.7225
brk0: 0
brk1: 0

loc: -38.7213 0.504372 -288.633
ori0: -0.692903 -0.161096 0.7028
ori1: 0.0447161 0.963244 0.264881
ori2: -0.719639 0.214964 -0.66023
spd: 43.5603
brk0: 0
brk1: 0

loc: -39.7602 0.525244 -289.59
ori0: -0.720825 -0.154878 0.675587
ori1: 0.0469396 0.961569 0.270521
ori2: -0.691521 0.226711 -0.685853
spd: 43.2465
brk0: 0
brk1: 0

loc: -40.8265 0.54056 -290.503
ori0: -0.746729 -0.146989 0.648679
ori1: 0.0486851 0.96058 0.273708
ori2: -0.66334 0.235968 -0.710136
spd: 42.9427
brk0: 0
brk1: 0

loc: -41.9177 0.54892 -291.371
ori0: -0.770968 -0.137583 0.62183
ori1: 0.0500999 0.960259 0.274577
ori2: -0.634895 0.242845 -0.733436
spd: 42.6468
brk0: 0
brk1: 0

loc: -43.0317 0.550039 -292.195
ori0: -0.793891 -0.12675 0.594699
ori1: 0.0513263 0.960573 0.273248
ori2: -0.605886 0.247453 -0.756084
spd: 42.3561
brk0: 0
brk1: 0

loc: -43.5967 0.547998 -292.59
ori0: -0.80496 -0.120865 0.580883
ori1: 0.0519135 0.96093 0.271881
ori2: -0.591048 0.24901 -0.767236
spd: 42.2112
brk0: 0
brk1: 0

loc: -44.7412 0.539714 -293.345
ori0: -0.826384 -0.108013 0.552646
ori1: 0.0530704 0.962123 0.267401
ori2: -0.560596 0.250306 -0.78935
spd: 41.924
brk0: 0
brk1: 0

loc: -45.9047 0.526811 -294.052
ori0: -0.846904 -0.0940884 0.52335
ori1: 0.0542516 0.963796 0.261064
ori2: -0.528966 0.249489 -0.811138
spd: 41.6368
brk0: 0
brk1: 0

loc: -47.0856 0.510863 -294.709
ori0: -0.866501 -0.079339 0.492824
ori1: 0.0554786 0.965864 0.253038
ori2: -0.496076 0.246599 -0.832521
spd: 41.3492
brk0: 0
brk1: 0

loc: -47.6824 0.50214 -295.018
ori0: -0.875937 -0.071808 0.477045
ori1: 0.056114 0.966982 0.248591
ori2: -0.479145 0.24452 -0.842986
spd: 41.2045
brk0: 0
brk1: 0

loc: -48.8871 0.484296 -295.599
ori0: -0.893974 -0.0564603 0.444541
ori1: 0.0573907 0.969436 0.238539
ori2: -0.444422 0.238761 -0.86341
spd: 40.9161
brk0: 0
brk1: 0

loc: -50.0887 0.473244 -296.223
ori0: -0.90316 -0.0366628 0.427728
ori1: 0.0548494 0.978326 0.199674
ori2: -0.425778 0.203799 -0.881574
spd: 40.8223
brk0: 0
brk1: 0

loc: -51.2864 0.448061 -296.886
ori0: -0.90568 -0.0143692 0.423712
ori1: 0.0499568 0.988846 0.140317
ori2: -0.421002 0.14825 -0.894859
spd: 40.7829
brk0: 0
brk1: 0

loc: -52.4887 0.393297 -297.547
ori0: -0.905369 0.00652489 0.424569
ori1: 0.0443514 0.995866 0.0792722
ori2: -0.422297 0.090601 -0.901915
spd: 40.7557
brk0: 0
brk1: 0

loc: -53.1009 0.360228 -297.867
ori0: -0.905208 0.0125129 0.424777
ori1: 0.0389798 0.997797 0.0536741
ori2: -0.42317 0.0651441 -0.903702
spd: 40.7219
brk0: 0
brk1: 0

loc: -54.3399 0.319858 -298.462
ori0: -0.905215 0.0177211 0.424577
ori1: 0.0300228 0.9993 0.0223008
ori2: -0.423885 0.0329341 -0.905114
spd: 40.5985
brk0: 0
brk1: 0

loc: -55.5797 0.318911 -299.037
ori0: -0.905356 0.0205209 0.424151
ori1: 0.0231833 0.999731 0.0011171
ori2: -0.424014 0.0108446 -0.905587
spd: 40.5076
brk0: 0
brk1: 0

loc: -56.8182 0.343932 -299.599
ori0: -0.905555 0.0213511 0.423685
ori1: 0.0181101 0.999768 -0.0116747
ori2: -0.423836 -0.00289911 -0.905731
spd: 40.4381
brk0: 0
brk1: 0

loc: -58.0554 0.378785 -300.151
ori0: -0.90578 0.0203526 0.423253
ori1: 0.0143694 0.999747 -0.0173227
ori2: -0.423498 -0.00960874 -0.905843
spd: 40.3674
brk0: 0
brk1: 0

loc: -58.6734 0.395579 -300.424
ori0: -0.905896 0.0192946 0.423054
ori1: 0.0128697 0.999754 -0.0180385
ori2: -0.423299 -0.0108964 -0.905921
spd: 40.3298
brk0: 0
brk1: 0

loc: -59.908 0.422271 -300.967
ori0: -0.906118 0.0165041 0.422695
ori1: 0.010407 0.999806 -0.016728
ori2: -0.422889 -0.0107586 -0.906114
spd: 40.2531
brk0: 0
brk1: 0

loc: -61.1396 0.436665 -301.507
ori0: -0.906308 0.0134947 0.422395
ori1: 0.0084671 0.999869 -0.0137765
ori2: -0.422526 -0.00890935 -0.906304
spd: 40.1793
brk0: 0
brk1: 0

loc: -62.367 0.439381 -302.049
ori0: -0.906447 0.0108659 0.422172
ori1: 0.00689744 0.999916 -0.0109262
ori2: -0.422256 -0.00699216 -0.906446
spd: 40.1097
brk0: 0
brk1: 0

loc: -63.5925 0.4341 -302.587
ori0: -0.906866 0.00804584 0.421335
ori1: 0.00562796 0.99996 -0.00698184
ori2: -0.421374 -0.00396036 -0.906875
spd: 40.0418
brk0: 0
brk1: 0

loc: -64.2173 0.429781 -302.82
ori0: -0.908981 0.00238781 0.416823
ori1: 0.00589404 0.999957 0.00712503
ori2: -0.416788 0.00893331 -0.908956
spd: 39.948
brk0: 0
brk1: 0

loc: -65.4637 0.419642 -303.25
ori0: -0.919127 -0.00664727 0.393899
ori1: 0.00924074 0.999219 0.0384248
ori2: -0.393846 0.0389573 -0.918347
spd: 39.6519
brk0: 0
brk1: 0

loc: -66.7053 0.413012 -303.642
ori0: -0.931327 -0.0120332 0.363977
ori1: 0.0139491 0.997542 0.0686715
ori2: -0.363908 0.069033 -0.92887
spd: 39.3397
brk0: 0
brk1: 0

loc: -67.9442 0.41367 -303.988
ori0: -0.943877 -0.0145481 0.329969
ori1: 0.0191822 0.994929 0.0987366
ori2: -0.329732 0.099525 -0.938811
spd: 39.0027
brk0: 0
brk1: 0

loc: -68.5621 0.411866 -304.143
ori0: -0.950033 -0.0145713 0.311801
ori1: 0.0218955 0.993338 0.113135
ori2: -0.311372 0.114309 -0.943385
spd: 38.8224
brk0: 0
brk1: 0

loc: -69.7931 0.404912 -304.417
ori0: -0.961935 -0.0117056 0.273017
ori1: 0.0275197 0.989853 0.139401
ori2: -0.271879 0.141609 -0.951852
spd: 38.4442
brk0: 0
brk1: 0

loc: -71.017 0.399138 -304.64
ori0: -0.972748 -0.00520166 0.231794
ori1: 0.0332203 0.986306 0.161546
ori2: -0.22946 0.164844 -0.959254
spd: 38.0534
brk0: 0
brk1: 0

loc: -72.2332 0.39888 -304.812
ori0: -0.981907 0.00421588 0.189302
ori1: 0.0387143 0.983102 0.178916
ori2: -0.185349 0.183008 -0.965478
spd: 37.6641
brk0: 0
brk1: 0

loc: -73.4414 0.405426 -304.932
ori0: -0.989085 0.015518 0.146505
ori1: 0.0437548 0.980509 0.191542
ori2: -0.140677 0.195862 -0.970486
spd: 37.286
brk0: 0
brk1: 0

loc: -74.0465 0.414483 -305.008
ori0: -0.991188 0.0203003 0.130874
ori1: 0.044516 0.981755 0.184864
ori2: -0.124733 0.189062 -0.974008
spd: 37.201
brk0: 0
brk1: 0

loc: -75.2682 0.429731 -305.224
ori0: -0.992669 0.0250379 0.118218
ori1: 0.0420026 0.988791 0.143274
ori2: -0.113305 0.147189 -0.982594
spd: 37.1408
brk0: 0
brk1: 0

loc: -76.4967 0.418681 -305.443
ori0: -0.992957 0.0266382 0.11542
ori1: 0.0378485 0.994657 0.0960507
ori2: -0.112244 0.0997429 -0.988659
spd: 37.0981
brk0: 0
brk1: 0

loc: -77.7307 0.380614 -305.649
ori0: -0.993023 0.0255672 0.115098
ori1: 0.0316707 0.99817 0.0515165
ori2: -0.11357 0.0548024 -0.992015
spd: 37.0592
brk0: 0
brk1: 0

loc: -78.9694 0.353444 -305.809
ori0: -0.993138 0.0217705 0.11488
ori1: 0.024856 0.999366 0.0254948
ori2: -0.114252 0.0281754 -0.99305
spd: 36.9742
brk0: 0
brk1: 0

loc: -79.5876 0.349895 -305.88
ori0: -0.99319 0.0200017 0.114758
ori1: 0.0220119 0.999625 0.0162761
ori2: -0.11439 0.0186914 -0.993258
spd: 36.936
brk0: 0
brk1: 0

loc: -80.8208 0.358318 -306.014
ori0: -0.993279 0.0169395 0.114476
ori1: 0.0173285 0.999847 0.00240415
ori2: -0.114418 0.00437171 -0.99342
spd: 36.8697
brk0: 0
brk1: 0

loc: -82.0501 0.378678 -306.14
ori0: -0.993353 0.0143523 0.114186
ori1: 0.0137612 0.999888 -0.00596306
ori2: -0.114259 -0.0043521 -0.993439
spd: 36.8067
brk0: 0
brk1: 0

loc: -83.2759 0.401093 -306.26
ori0: -0.993415 0.0120845 0.113906
ori1: 0.0110335 0.999891 -0.00985257
ori2: -0.114013 -0.00853093 -0.99344
spd: 36.7413
brk0: 0
brk1: 0

loc: -84.4986 0.418678 -306.376
ori0: -0.993467 0.01007 0.113651
ori1: 0.00891257 0.999903 -0.010688
ori2: -0.113747 -0.00960532 -0.993461
spd: 36.6746
brk0: 0
brk1: 0

loc: -85.1088 0.424568 -306.434
ori0: -0.993489 0.00915741 0.113537
ori1: 0.0080243 0.999913 -0.0104331
ori2: -0.113623 -0.00945411 -0.993477
spd: 36.6417
brk0: 0
brk1: 0

loc: -86.3269 0.430294 -306.55
ori0: -0.993524 0.00753142 0.113348
ori1: 0.00651379 0.999935 -0.00934556
ori2: -0.113411 -0.00854674 -0.993509
spd: 36.5776
brk0: 0
brk1: 0

loc: -87.542 0.429399 -306.667
ori0: -0.993549 0.00616825 0.113212
ori1: 0.0052864 0.999953 -0.0080879
ori2: -0.113256 -0.00743726 -0.993536
spd: 36.5155
brk0: 0
brk1: 0

loc: -88.7543 0.424626 -306.787
ori0: -0.993566 0.00504091 0.113119
ori1: 0.00428261 0.999967 -0.0069455
ori2: -0.11315 -0.00641639 -0.993555
spd: 36.4541
brk0: 0
brk1: 0

