loc: 0.648171 0.83301 -3.39832
ori0: 0.0631142 0.034873 0.997397
ori1: -0.388902 0.921248 -0.00760123
ori2: -0.919114 -0.38741 0.071706
spd: 1.65182
brk0: 0
brk1: 0

loc: 2.32309 0.387022 -26.9136
ori0: 0.0736178 0.00959525 0.99724
ori1: -0.127863 0.991792 -0.000103788
ori2: -0.989056 -0.127503 0.0742404
spd: 38.0998
brk0: 0
brk1: 0

loc: 7.83703 0.413632 -101.592
ori0: 0.0742146 0.00261111 0.997239
ori1: -0.035008 0.999387 -1.14422e-005
ori2: -0.996627 -0.0349105 0.0742605
spd: 53.3897
brk0: 0
brk1: 0

loc: 0.368206 1.04874 -2.18383
ori0: 0.00504977 0.00879362 0.999949
ori1: -0.483079 0.875561 -0.0052601
ori2: -0.875562 -0.483028 0.00866936
spd: 0.320564
brk0: 0
brk1: 0

loc: -4.56534 0.414273 -60.6734
ori0: -0.117649 -0.00930702 0.993011
ori1: -0.0579734 0.998315 0.00248816
ori2: -0.991361 -0.0572756 -0.11799
spd: 43.7831
brk0: 0
brk1: 0

loc: 0.0507145 0.398891 -128.15
ori0: 0.273015 0.0529874 0.960549
ori1: -0.0365391 0.998333 -0.0446862
ori2: -0.961315 -0.0228976 0.274496
spd: 53.3319
brk0: 0
brk1: 0

loc: -58.5797 0.607161 -293.727
ori0: -0.999871 -0.0040706 0.0154704
ori1: 0.00176574 0.93309 0.359638
ori2: -0.0158992 0.359619 -0.932962
spd: 61.9628
brk0: 0
brk1: 0

